-1774901888
660178365
499483324
267128774
-1702767861
-1497343545
1034543549
0
0
0
0
0
0
-1774901888
-1008971331
1699866044
-560251194
-1196146933
-1597343545
-109318467
0
0
0
0
0
0
-1774901888
-1475521859
1603310524
173198278
-1763080181
1697623751
-736698435
0
0
0
0
0
0
-1774901888
876313277
-2108971332
-1595951418
1488372235
1287558343
1206816445
0
0
0
0
0
0
-1774901888
-1908588611
-475521860
855883718
-627379957
287558343
-930628931
0
0
0
0
0
0
-1774901888
-2102901827
-2008588612
1661570502
-2079215093
30716359
285123261
0
0
0
0
0
0
-1774901888
-692836419
-1202901828
2071635910
1510065419
287558343
1695188669
0
0
0
0
0
0
-1774901888
207163581
-1102901828
2071635910
1410065419
387558343
1695188669
0
0
0
0
0
0
-1774901888
207163581
-2102901828
1661570502
1510065419
1287558343
1285123261
0
0
0
0
0
0
-1774901888
207163581
-2008588612
1755883718
-1784901877
1697623751
579436477
0
0
0
0
0
0
-1774901888
-692836419
34543548
-654181690
-1979215093
-1497343545
-772398659
0
0
0
0
0
0
-1774901888
-792836419
-281208644
-2006016826
-569149685
1603310535
1012503229
0
0
0
0
0
0
-1774901888
-1202901827
-1108971332
1483263686
682685451
-1691656761
-103248963
0
0
0
0
0
0
-1774901888
2092065469
2070243772
1755500998
588372235
-1281591353
68988349
0
0
0
0
0
0
-1774901888
2092065469
-339821636
-654564410
1898437643
-439821625
-736698435
0
0
0
0
0
0
-1774901888
-1008588611
-1381591364
439748806
-1296529653
-439821625
-2146763843
0
0
0
0
0
0
-1774901888
-2008588611
1503310524
-560251194
-1978832373
-439821625
2106433725
0
0
0
0
0
0
-1774901888
1976313277
-1497343556
-560251194
-1878832373
-439821625
2106433725
0
0
0
0
0
0
-1774901888
1876313277
1503310524
439748806
-1878832373
-381591353
-2088533571
0
0
0
0
0
0
-1774901888
876313277
-1791656772
245435590
-1878832373
-1691656761
-1246763843
0
0
0
0
0
0
-1774901888
1034543549
-381591364
1755500998
-1978832373
1503310535
263301565
0
0
0
0
0
0
-1774901888
934543549
660178364
1583263686
1316134923
1797623751
379053757
0
0
0
0
0
0
-1774901888
1034543549
1775930556
-1906016826
1898437643
1287558343
896751037
0
0
0
0
0
0
-1774901888
1034543549
1603693244
-554181690
588372235
30716359
1112503229
0
0
0
0
0
0
-1774901888
976313277
-181208644
1755883718
682685451
-69283641
-772398659
0
0
0
0
0
0
-1774901888
1976313277
34543548
1561570502
-727379957
-969283641
479436477
0
0
0
0
0
0
-1774901888
-1908588611
976313276
1971635910
-1569149685
-969283641
1579436477
0
0
0
0
0
0
-1774901888
-1008588611
1976313276
2071635910
-1669149685
-969283641
285123261
0
0
0
0
0
0
-1774901888
-2102901827
-2008588612
1661570502
-2079215093
30716359
285123261
0
0
0
0
0
0
-1774901888
-1102901827
1976313276
561570502
1315752203
1287558343
1479436477
0
0
0
0
0
0
-1774901888
207163581
976313276
445818310
1315752203
-1597343545
69371069
0
0
0
0
0
0
-1774901888
-1419383875
1034543548
-595951418
1215752203
-1791656761
-772398659
0
0
0
0
0
0
-1774901888
-109318467
34543548
1388950470
1215752203
-381591353
2112503229
0
0
0
0
0
0
-1774901888
890681533
-475521860
1483263686
1215752203
-339821625
-1988150851
0
0
0
0
0
0
-1774901888
-303631683
-1475521860
73198278
1215752203
970243783
1206816445
0
0
0
0
0
0
-1774901888
-203631683
-281208644
755500998
1315752203
1970243783
796751037
0
0
0
0
0
0
-1774901888
-203631683
-1181208644
655500998
1315752203
2070243783
-103248963
0
0
0
0
0
0
-1774901888
696368317
-281208644
655500998
1215752203
2070243783
-103248963
0
0
0
0
0
0
-1774901888
-203631683
-181208644
1655500998
1215752203
1970243783
896751037
0
0
0
0
0
0
-1774901888
-203631683
-375521860
1073198278
-1884901877
970243783
-1988150851
0
0
0
0
0
0
-1774901888
-303631683
1034543548
-1711703610
1510065419
-339821625
2112503229
0
0
0
0
0
0
-1774901888
-303631683
-1908588612
-1495951418
1000000011
-381591353
-830628931
0
0
0
0
0
0
-1774901888
-303631683
-1102901828
445818310
-1234442486
-1691656761
1579436477
0
0
0
0
0
0
-1774901888
-303631683
-1419383876
661570502
1960524810
1503310535
1795188669
0
0
0
0
0
0
-1774901888
-303631683
890681532
-1323331386
650459402
1797623751
-242936643
0
0
0
0
0
0
-1774901888
990681533
-203631684
1011111111
550459402
1387558343
1167128765
0
0
0
0
0
0
-1774901888
990681533
796368316
1421176519
1844772618
1287558343
-27184451
0
0
0
0
0
0
-1774901888
890681533
796368316
1521176519
550459402
387558343
-27184451
0
0
0
0
0
0
-1774901888
-9318467
-203631684
1421176519
650459402
387558343
1267128765
0
0
0
0
0
0
-1774901888
-109318467
890681532
1011111111
1650459402
387558343
167128765
0
0
0
0
0
0
-1774901888
-419383875
-519383876
-1223331386
-1334442486
1287558343
-1142936643
0
0
0
0
0
0
-1774901888
-519383875
207163580
1971635910
11
1387558343
1795188669
0
0
0
0
0
0
-1774901888
-419383875
-1102901828
561570502
100000011
-1597343545
1285123261
0
0
0
0
0
0
-1774901888
-109318467
-1202901828
1755883718
100000011
-1497343545
285123261
0
0
0
0
0
0
-1774901888
696368317
-1519383876
1755883718
1650459402
-1791656761
1385123261
0
0
0
0
0
0
-1774901888
-1246763843
1106433724
1561570502
-565292790
-1381591353
-142936643
0
0
0
0
0
0
-1774901888
1379053757
1479053756
111111111
1062087178
-281591353
-1970316611
0
0
0
0
0
0
-1774901888
2112503229
579436476
-2068103993
-1981427702
-339821625
73198269
0
0
0
0
0
0
-1774901888
285123261
-1912086340
1693796551
1784077578
-339821625
345818301
0
0
0
0
0
0
-1774901888
1167128765
1388950460
-1867721273
1101392138
560178375
-1873790778
0
0
0
0
0
0
-1774901888
-870316611
1111111101
599866055
-747809526
560178375
1499483334
0
0
0
0
0
0
-1774901888
173198269
2009548733
-1069283641
-1430494966
660178375
-241903674
0
0
0
0
0
0
-1774901888
-595951427
-1285035843
1503310535
923432458
660178375
30716358
0
0
0
0
0
0
-1774901888
661570493
-1381591363
660178375
-1120082422
660178375
-439821626
0
0
0
0
0
0
-1774901888
1421176518
1603693245
-2108971321
-392702454
970243783
-1108971322
0
0
0
0
0
0
-1774901888
-716268858
1876313277
-1691274041
19605258
2070243783
-475521850
0
0
0
0
0
0
-1774901888
599483334
-1519383875
-181208633
1998820362
875930567
-2008588602
0
0
0
0
0
0
-1774901888
-1867721274
1106433725
-1375521849
-1663080182
-2008971321
-1102901818
0
0
0
0
0
0
-1774901888
-651969082
-736698435
-475521849
1316134922
1703693255
-1519383866
0
0
0
0
0
0
-1774901888
1699866054
379053757
-1375521849
588372234
-1181208633
-419383866
0
0
0
0
0
0
-1774901888
-1479349050
-103248963
-181208633
372620042
-475521849
-109318458
0
0
0
0
0
0
-1774901888
287558342
1306816445
-1181208633
-669149686
934543559
-9318458
0
0
0
0
0
0
-1774901888
1797623750
-1988150851
-1691274041
-2079215094
1876313287
-9318458
0
0
0
0
0
0
-1774901888
-1791656762
1112503229
-1008971321
-1784901878
-1008588601
-109318458
0
0
0
0
0
0
-1774901888
-281591354
2112503229
-2108971321
1100000010
-1202901817
-109318458
0
0
0
0
0
0
-1774901888
660178374
-1772398659
1775930567
10
-692836409
-109318458
0
0
0
0
0
0
-1774901888
1070243782
-772398659
1775930567
-1334442495
207163591
-9318458
0
0
0
0
0
0
-1774901888
775930566
169371069
1875930567
1650459393
307163591
990681542
0
0
0
0
0
0
-1774901888
875930566
1579436477
-1108971321
550459393
207163591
796368326
0
0
0
0
0
0
-1774901888
1875930566
1385123261
1603693255
844772609
207163591
2106433734
0
0
0
0
0
0
-1774901888
1875930566
-1599778627
-1591274041
744772609
-792836409
-2146763834
0
0
0
0
0
0
-1774901888
1775930566
-1499778627
-1181208633
744772609
-1102901817
-1246763834
0
0
0
0
0
0
-1774901888
1875930566
-1242936643
-1181208633
434707201
-1102901817
-1146763834
0
0
0
0
0
0
-1774901888
1775930566
-1499778627
-1181208633
744772609
-1102901817
-1246763834
0
0
0
0
0
0
-1774901888
875930566
1795188669
-1281208633
844772609
-1102901817
-2146763834
0
0
0
0
0
0
-1774901888
775930566
1385123261
-1591274041
1844772609
-1102901817
-2088533562
0
0
0
0
0
0
-1774901888
2070243782
385123261
-1691274041
550459393
-1102901817
2106433734
0
0
0
0
0
0
-1774901888
1970243782
285123261
-1691274041
650459393
-1202901817
1206433734
0
0
0
0
0
0
-1774901888
1070243782
285123261
-1591274041
1550459393
-2102901817
2106433734
0
0
0
0
0
0
-1774901888
970243782
1285123261
-281208633
650459393
-908588601
2048203462
0
0
0
0
0
0
-1774901888
970243782
1795188669
-1375521849
550459393
-1008588601
-1146763834
0
0
0
0
0
0
-1774901888
970243782
-242936643
934543559
844772609
1976313287
-1031011642
0
0
0
0
0
0
-1774901888
970243782
1167128765
1876313287
434707201
976313287
379053766
0
0
0
0
0
0
-1774901888
660178374
972815549
-908588601
334707201
934543559
-103248954
0
0
0
0
0
0
-1774901888
970243782
-1912086339
-1202901817
-507062527
34543559
1206816454
0
0
0
0
0
0
-1774901888
660178374
-1870316611
207163591
-607062527
-375521849
1012503238
0
0
0
0
0
0
-1774901888
970243782
-560251203
-1519383865
-1607062527
-475521849
2012503238
0
0
0
0
0
0
-1774901888
660178374
-460251203
-519383865
-1607062527
-1375521849
-1872398650
0
0
0
0
0
0
-1774901888
560178374
-560251203
-519383865
-1507062527
-1475521849
2112503238
0
0
0
0
0
0
-1774901888
560178374
-870316611
-1419383865
-607062527
-1375521849
2012503238
0
0
0
0
0
0
-1774901888
-339821626
-1970316611
307163591
-665292799
-1375521849
1012503238
0
0
0
0
0
0
-1774901888
-439821626
1482880957
-692836409
334707201
-475521849
1306816454
0
0
0
0
0
0
-1774901888
-439821626
72815549
-2102901817
744772609
-65456441
-103248954
0
0
0
0
0
0
-1774901888
-281591354
267128765
-1008588601
1744772609
34543559
1379053766
0
0
0
0
0
0
-1774901888
-439821626
-1142936643
976313287
550459393
876313287
-931011642
0
0
0
0
0
0
-1774901888
-439821626
1695188669
-65456441
1550459393
1876313287
-836698426
0
0
0
0
0
0
-1774901888
-439821626
1579436477
-181208633
2060524801
-1908588601
-2088533562
0
0
0
0
0
0
-1774901888
-439821626
169371069
-1591274041
-1234442495
-908588601
796368326
0
0
0
0
0
0
-1774901888
-439821626
-830628931
1703693255
10
2092065479
-203631674
0
0
0
0
0
0
-1774901888
-439821626
-930628931
1603693255
10
2092065479
-303631674
0
0
0
0
0
0
-1774901888
-439821626
-830628931
1703693255
10
2092065479
-203631674
0
0
0
0
0
0
-1774901888
560178374
479436477
-1691274041
2060524801
2092065479
796368326
0
0
0
0
0
0
-1774901888
560178374
1579436477
-1181208633
1960524801
-908588601
2106433734
0
0
0
0
0
0
-1774901888
660178374
1385123261
-1475521849
650459393
-1008588601
-1246763834
0
0
0
0
0
0
-1774901888
970243782
-1499778627
-375521849
1844772609
-1908588601
-736698426
0
0
0
0
0
0
-1774901888
1970243782
-142936643
34543559
744772609
-1908588601
-1031011642
0
0
0
0
0
0
-1774901888
2070243782
1167128765
1034543559
334707201
-2008588601
68988358
0
0
0
0
0
0
-1774901888
775930566
-27184451
876313287
-665292799
-2008588601
379053766
0
0
0
0
0
0
-1774901888
1775930566
72815549
1034543559
-507062527
-1008588601
379053766
0
0
0
0
0
0
-1774901888
1775930566
-27184451
934543559
-507062527
-1008588601
68988358
0
0
0
0
0
0
-1774901888
1875930566
1167128765
-375521849
-665292799
2092065479
-931011642
0
0
0
0
0
0
-1774901888
-2108971322
-142936643
-181208633
-565292799
-1102901817
-736698426
0
0
0
0
0
0
-1774901888
1875930566
-1499778627
-1281208633
434707201
-792836409
-1246763834
0
0
0
0
0
0
-1774901888
1875930566
1385123261
1603693255
844772609
207163591
2106433734
0
0
0
0
0
0
-1774901888
1775930566
1579436477
-2008971321
550459393
307163591
696368326
0
0
0
0
0
0
-1774901888
875930566
169371069
1775930567
1550459393
-1519383865
990681542
0
0
0
0
0
0
-1774901888
875930566
-930628931
2070243783
1960524801
-1419383865
-109318458
0
0
0
0
0
0
-1774901888
2070243782
-1772398659
1970243783
-1334442495
-1419383865
-519383866
0
0
0
0
0
0
-1774901888
2070243782
-1772398659
1970243783
-1334442495
-1419383865
-519383866
0
0
0
0
0
0
-1774901888
1970243782
-872398659
775930567
-1334442495
307163591
-419383866
0
0
0
0
0
0
-1774901888
2070243782
69371069
1875930567
1960524801
207163591
990681542
0
0
0
0
0
0
-1774901888
2070243782
1479436477
-1008971321
1550459393
-792836409
796368326
0
0
0
0
0
0
-1774901888
875930566
1695188669
-1591274041
1744772609
-1102901817
2048203462
0
0
0
0
0
0
-1774901888
1775930566
-242936643
-1475521849
334707201
-2102901817
-736698426
0
0
0
0
0
0
-1774901888
-2108971322
-27184451
-65456441
-607062527
2092065479
-31011642
0
0
0
0
0
0
-1774901888
-2008971322
1482880957
876313287
-1917127935
-908588601
1479053766
0
0
0
0
0
0
-1774901888
-1108971322
-970316611
-2008588601
1277839361
-1908588601
896751046
0
0
0
0
0
0
-1774901888
1603693254
439748797
-1008588601
1572152577
-1908588601
-2088150842
0
0
0
0
0
0
-1774901888
-1691274042
-754564419
-1008588601
1162087169
-1008588601
-1988150842
0
0
0
0
0
0
-1774901888
-1281208634
-754564419
-2008588601
1062087169
2092065479
-2088150842
0
0
0
0
0
0
-1774901888
-1181208634
439748797
976313287
1162087169
-1202901817
1206816454
0
0
0
0
0
0
-1774901888
-1181208634
-970316611
34543559
1572152577
-792836409
-203248954
0
0
0
0
0
0
-1774901888
-1181208634
-1912086339
-1375521849
-1722814719
207163591
379053766
0
0
0
0
0
0
-1774901888
-281208634
972815549
-1281208633
1277839361
-1419383865
263301574
0
0
0
0
0
0
-1774901888
-281208634
267128765
-1008971321
-1917127935
-109318457
-1246763834
0
0
0
0
0
0
-1774901888
-281208634
-1142936643
1875930567
-1507062527
890681543
2106433734
0
0
0
0
0
0
-1774901888
-281208634
1795188669
2070243783
-507062527
-303631673
696368326
0
0
0
0
0
0
-1774901888
-281208634
1385123261
1070243783
-665292799
-203631673
-303631674
0
0
0
0
0
0
-1774901888
-181208634
1385123261
970243783
-507062527
696368327
-303631674
0
0
0
0
0
0
-1774901888
-181208634
1695188669
1070243783
-507062527
-203631673
-203631674
0
0
0
0
0
0
-1774901888
-1475521850
-1499778627
2070243783
-1507062527
-203631673
796368326
0
0
0
0
0
0
-1774901888
-1475521850
-242936643
1775930567
-1917127935
990681543
2106433734
0
0
0
0
0
0
-1774901888
-1475521850
1167128765
-1108971321
1377839361
-9318457
-1246763834
0
0
0
0
0
0
-1774901888
-1475521850
972815549
-1691274041
-1722814719
-419383865
163301574
0
0
0
0
0
0
-1774901888
-1475521850
-1912086339
-281208633
1572152577
-1419383865
-31011642
0
0
0
0
0
0
-1774901888
-1475521850
-970316611
-475521849
1162087169
307163591
1379053766
0
0
0
0
0
0
-1774901888
-181208634
-460251203
934543559
1062087169
-692836409
796751046
0
0
0
0
0
0
-1774901888
-281208634
439748797
876313287
1062087169
-1102901817
896751046
0
0
0
0
0
0
-1774901888
-1281208634
439748797
1876313287
1162087169
-2102901817
1206816454
0
0
0
0
0
0
-1774901888
-1591274042
-460251203
1876313287
1472152577
-2102901817
1206816454
0
0
0
0
0
0
-1774901888
1703693254
-970316611
976313287
-1722814719
2092065479
796751046
0
0
0
0
0
0
-1774901888
-1008971322
-1812086339
876313287
1377839361
2092065479
-203248954
0
0
0
0
0
0
-1774901888
-1108971322
1072815549
34543559
-1607062527
-2102901817
379053766
0
0
0
0
0
0
-1774901888
1875930566
1167128765
-375521849
-665292799
2092065479
-931011642
0
0
0
0
0
0
-1774901888
1775930566
-242936643
-1475521849
334707201
-2102901817
-736698426
0
0
0
0
0
0
-1774901888
775930566
1795188669
-1181208633
1744772609
-1202901817
-2146763834
0
0
0
0
0
0
-1774901888
2070243782
1285123261
-1591274041
550459393
-1202901817
-2088533562
0
0
0
0
0
0
-1774901888
1070243782
1579436477
-1691274041
1550459393
-1202901817
1206433734
0
0
0
0
0
0
-1774901888
1070243782
1579436477
-1691274041
1550459393
-1202901817
1206433734
0
0
0
0
0
0
-1774901888
1070243782
285123261
-1591274041
1550459393
-2102901817
2106433734
0
0
0
0
0
0
-1774901888
1070243782
1285123261
-1181208633
650459393
2092065479
2048203462
0
0
0
0
0
0
-1774901888
1970243782
-1599778627
-1475521849
1744772609
-908588601
-1146763834
0
0
0
0
0
0
-1774901888
775930566
-142936643
-375521849
434707201
-908588601
263301574
0
0
0
0
0
0
-1774901888
1775930566
72815549
1034543559
-507062527
-1008588601
379053766
0
0
0
0
0
0
-1774901888
-2108971322
-1812086339
1976313287
-1917127935
-1908588601
-103248954
0
0
0
0
0
0
-1774901888
-1108971322
439748797
2092065479
-1822814719
1976313287
-1988150842
0
0
0
0
0
0
-1774901888
1603693254
345435581
-1102901817
1162087169
1976313287
2112503238
0
0
0
0
0
0
-1774901888
1703693254
1755500989
207163591
62087169
1876313287
-772398650
0
0
0
0
0
0
-1774901888
-1591274042
173198269
207163591
1644389889
1976313287
-930628922
0
0
0
0
0
0
-1774901888
-1281208634
1073198269
207163591
744389889
1976313287
-930628922
0
0
0
0
0
0
-1774901888
-281208634
173198269
-1102901817
744389889
-1008588601
-872398650
0
0
0
0
0
0
-1774901888
-181208634
1755500989
2092065479
744389889
2092065479
-1872398650
0
0
0
0
0
0
-1774901888
-1475521850
345435581
1976313287
1744389889
-1102901817
-1988150842
0
0
0
0
0
0
-1774901888
-1375521850
539748797
934543559
62087169
207163591
896751046
0
0
0
0
0
0
-1774901888
-1375521850
-970316611
-1375521849
1162087169
-1519383865
1379053766
0
0
0
0
0
0
-1774901888
-1375521850
1482880957
-1281208633
1572152577
-419383865
-931011642
0
0
0
0
0
0
-1774901888
-1375521850
72815549
1603693255
-1722814719
-9318457
-736698426
0
0
0
0
0
0
-1774901888
-1375521850
1167128765
-2008971321
1377839361
890681543
-1246763834
0
0
0
0
0
0
-1774901888
-1475521850
167128765
-2108971321
-2017127935
890681543
2048203462
0
0
0
0
0
0
-1774901888
-181208634
167128765
-2008971321
-1917127935
-9318457
-2146763834
0
0
0
0
0
0
-1774901888
-1475521850
1167128765
-1108971321
1377839361
-9318457
-1246763834
0
0
0
0
0
0
-1774901888
-181208634
-27184451
1703693255
1377839361
-419383865
-736698426
0
0
0
0
0
0
-1774901888
-1475521850
1382880957
-1281208633
-1822814719
-519383865
-1031011642
0
0
0
0
0
0
-1774901888
-475521850
-1870316611
-181208633
1162087169
-519383865
379053766
0
0
0
0
0
0
-1774901888
-375521850
-460251203
-475521849
62087169
-1419383865
-203248954
0
0
0
0
0
0
-1774901888
34543558
245435581
34543559
744389889
-1519383865
1206816454
0
0
0
0
0
0
-1774901888
1034543558
1755500989
876313287
-665675519
-1519383865
1012503238
0
0
0
0
0
0
-1774901888
976313286
1173198269
1876313287
428637697
-1519383865
2112503238
0
0
0
0
0
0
-1774901888
-2008588602
-1811703619
1876313287
-881427711
-1419383865
-1872398650
0
0
0
0
0
0
-1774901888
-1908588602
-1711703619
1876313287
-981427711
-519383865
-1772398650
0
0
0
0
0
0
-1774901888
-1008588602
-1711703619
976313287
-981427711
-419383865
-1872398650
0
0
0
0
0
0
-1774901888
2092065478
-1711703619
1034543559
-1881427711
-9318457
2112503238
0
0
0
0
0
0
-1774901888
-2102901818
1583263677
-65456441
-1881427711
990681543
1112503238
0
0
0
0
0
0
-1774901888
-2102901818
1173198269
-475521849
-981427711
-303631673
-1988150842
0
0
0
0
0
0
-1774901888
-1202901818
173198269
-181208633
-881427711
696368327
1206816454
0
0
0
0
0
0
-1774901888
-1202901818
1655500989
-1281208633
-571362303
796368327
-103248954
0
0
0
0
0
0
-1774901888
-1102901818
755500989
-1691274041
-571362303
1206433735
-203248954
0
0
0
0
0
0
-1774901888
-1102901818
755500989
-1691274041
-571362303
1206433735
-203248954
0
0
0
0
0
0
-1774901888
-1202901818
755500989
-1591274041
-471362303
1106433735
-203248954
0
0
0
0
0
0
-1774901888
-1202901818
1755500989
-1181208633
-571362303
796368327
796751046
0
0
0
0
0
0
-1774901888
-1202901818
1073198269
-1475521849
-981427711
-203631673
1306816454
0
0
0
0
0
0
-1774901888
-2102901818
1583263677
-65456441
-1881427711
990681543
1112503238
0
0
0
0
0
0
-1774901888
2092065478
1288950461
876313287
-1981427711
-109318457
-1872398650
0
0
0
0
0
0
-1774901888
2092065478
-1595951427
-2008588601
-1923197439
-519383865
-930628922
0
0
0
0
0
0
-1774901888
2092065478
-495951427
-908588601
1471769857
-1419383865
169371078
0
0
0
0
0
0
-1774901888
-908588602
345818301
-1102901817
1371769857
207163591
1579436486
0
0
0
0
0
0
-1774901888
-908588602
855883709
207163591
961704449
-692836409
1285123270
0
0
0
0
0
0
-1774901888
2092065478
1855883709
307163591
61704449
-692836409
1385123270
0
0
0
0
0
0
-1774901888
2092065478
1855883709
307163591
61704449
-692836409
1385123270
0
0
0
0
0
0
-1774901888
-2102901818
1755883709
-692836409
61704449
207163591
1285123270
0
0
0
0
0
0
-1774901888
-2102901818
755883709
-1102901817
961704449
307163591
285123270
0
0
0
0
0
0
-1774901888
-1202901818
345818301
2092065479
961704449
-1419383865
579436486
0
0
0
0
0
0
-1774901888
-792836410
-654181699
-2008588601
961704449
-109318457
69371078
0
0
0
0
0
0
-1774901888
-692836410
-595951427
976313287
1061704449
890681543
-930628922
0
0
0
0
0
0
-1774901888
307163590
-1495951427
934543559
961704449
-203631673
-872398650
0
0
0
0
0
0
-1774901888
-1519383866
-1595951427
-65456441
961704449
696368327
-1872398650
0
0
0
0
0
0
-1774901888
-419383866
-1495951427
-475521849
-38295551
1206433735
-1872398650
0
0
0
0
0
0
-1774901888
-9318458
-495951427
-475521849
1156017665
2106433735
-1772398650
0
0
0
0
0
0
-1774901888
990681542
445818301
-65456441
-154047743
2106433735
-930628922
0
0
0
0
0
0
-1774901888
696368326
561570493
934543559
-1510889727
2106433735
169371078
0
0
0
0
0
0
-1774901888
1106433734
2071635901
976313287
1684077569
2106433735
1579436486
0
0
0
0
0
0
-1774901888
2106433734
1111111110
-1908588601
274012161
1206433735
1695188678
0
0
0
0
0
0
-1774901888
2048203462
1326863302
-2102901817
468325377
1106433735
-1142936634
0
0
0
0
0
0
-1774901888
2048203462
-1558038586
-692836409
58259969
696368327
267128774
0
0
0
0
0
0
-1774901888
2048203462
-616268858
-1419383865
-941740031
-303631673
72815558
0
0
0
0
0
0
-1774901888
-2146763834
793796550
-109318457
-1783509759
990681543
1482880966
0
0
0
0
0
0
-1774901888
2048203462
1693796550
890681543
-1783509759
-9318457
-1912086330
0
0
0
0
0
0
-1774901888
2048203462
1793796550
990681543
-1783509759
-9318457
-1812086330
0
0
0
0
0
0
-1774901888
2048203462
1693796550
890681543
-1783509759
-9318457
-1912086330
0
0
0
0
0
0
-1774901888
-2088533562
383731142
-109318457
-783509759
890681543
1382880966
0
0
0
0
0
0
-1774901888
2106433734
-558038586
-1419383865
58259969
990681543
-27184442
0
0
0
0
0
0
-1774901888
2106433734
-2068103994
-792836409
468325377
-203631673
-142936634
0
0
0
0
0
0
-1774901888
1206433734
1421176518
-908588601
274012161
796368327
-1599778618
0
0
0
0
0
0
-1774901888
1106433734
-1323331395
1876313287
1374012161
1206433735
285123270
0
0
0
0
0
0
-1774901888
1106433734
561570493
-65456441
-1610889727
2048203463
69371078
0
0
0
0
0
0
-1774901888
796368326
345818301
-181208633
-254047743
-1246763833
-1772398650
0
0
0
0
0
0
-1774901888
696368326
-1595951427
-1691274041
256017665
-836698425
-1988150842
0
0
0
0
0
0
-1774901888
696368326
1288950461
-1108971321
1256017665
163301575
896751046
0
0
0
0
0
0
-1774901888
696368326
-1811703619
-2108971321
-38295551
263301575
-103248954
0
0
0
0
0
0
-1774901888
-203631674
1583263677
-2108971321
61704449
263301575
-103248954
0
0
0
0
0
0
-1774901888
-203631674
-1811703619
-2008971321
61704449
163301575
796751046
0
0
0
0
0
0
-1774901888
-203631674
1288950461
-1008971321
-38295551
-736698425
1206816454
0
0
0
0
0
0
-1774901888
-303631674
-2006016835
-1691274041
1256017665
-1146763833
-2088150842
0
0
0
0
0
0
-1774901888
990681542
-1595951427
-1181208633
1256017665
-2146763833
1112503238
0
0
0
0
0
0
-1774901888
890681542
-495951427
-1375521849
1156017665
-2088533561
-1872398650
0
0
0
0
0
0
-1774901888
-9318458
345818301
34543559
256017665
1106433735
-930628922
0
0
0
0
0
0
-1774901888
890681542
1755883709
876313287
-254047743
796368327
169371078
0
0
0
0
0
0
-1774901888
-303631674
1561570493
1876313287
-1510889727
796368327
1479436486
0
0
0
0
0
0
-1774901888
-203631674
2071635901
-2008588601
1784077569
796368327
385123270
0
0
0
0
0
0
-1774901888
1106433734
11111110
-2008588601
1274012161
1106433735
1285123270
0
0
0
0
0
0
-1774901888
2106433734
111111110
1976313287
374012161
2106433735
1285123270
0
0
0
0
0
0
-1774901888
-1246763834
1111111110
976313287
1468325377
-2146763833
1285123270
0
0
0
0
0
0
-1774901888
-836698426
1111111110
1034543559
568325377
-1146763833
385123270
0
0
0
0
0
0
-1774901888
263301574
1111111110
-65456441
158259969
163301575
285123270
0
0
0
0
0
0
-1774901888
-31011642
1111111110
-1375521849
58259969
-931011641
1479436486
0
0
0
0
0
0
-1774901888
379053766
1011111110
-281208633
-841740031
68988359
479436486
0
0
0
0
0
0
-1774901888
1479053766
1011111110
-1591274041
-941740031
1379053767
169371078
0
0
0
0
0
0
-1774901888
-103248954
1011111110
1703693255
-783509759
-203248953
69371078
0
0
0
0
0
0
-1774901888
896751046
1421176518
1703693255
-1783509759
-103248953
169371078
0
0
0
0
0
0
-1774901888
1206816454
-1873790778
-1691274041
2101392129
-103248953
479436486
0
0
0
0
0
0
-1774901888
1306816454
-2068103994
-1181208633
1101392129
-203248953
285123270
0
0
0
0
0
0
-1774901888
1206816454
-658038586
-475521849
-1999261951
479053767
1695188678
0
0
0
0
0
0
-1774901888
1206816454
283731142
934543559
1295705345
68988359
-1242936634
0
0
0
0
0
0
-1774901888
1206816454
1793796550
1976313287
885639937
-931011641
267128774
0
0
0
0
0
0
-1774901888
796751046
1499483334
2092065479
785639937
-736698425
72815558
0
0
0
0
0
0
-1774901888
-103248954
1909548742
-1102901817
785639937
-1146763833
1382880966
0
0
0
0
0
0
-1774901888
-203248954
2009548742
-692836409
785639937
-1246763833
1482880966
0
0
0
0
0
0
-1774901888
1379053766
1909548742
207163591
885639937
2048203463
1482880966
0
0
0
0
0
0
-1774901888
479053766
599483334
-792836409
1295705345
-2146763833
1072815558
0
0
0
0
0
0
-1774901888
379053766
793796550
-2102901817
1001392129
-1246763833
1267128774
0
0
0
0
0
0
-1774901888
68988358
-716268858
-1908588601
2101392129
-1146763833
-142936634
0
0
0
0
0
0
-1774901888
-931011642
-2068103994
976313287
-783509759
-836698425
-1599778618
0
0
0
0
0
0
-1774901888
-1031011642
1521176518
34543559
58259969
163301575
385123270
0
0
0
0
0
0
-1774901888
263301574
11111110
-1375521849
568325377
263301575
579436486
0
0
0
0
0
0
-1774901888
163301574
1661570493
-1181208633
274012161
-931011641
-930628922
0
0
0
0
0
0
-1774901888
-736698426
1855883709
-1691274041
1274012161
-31011641
-1772398650
0
0
0
0
0
0
-1774901888
-736698426
855883709
1603693255
1374012161
68988359
2112503238
0
0
0
0
0
0
101101
-1234442496
0
0
0
0
0
11111100
1010101
2001392239
-1519483975
-1234431496
-1234331385
-1224441496
1001101
101100
-1234442496
0
0
0
0
0
11111100
1010101
2001392239
-1519483965
-1234431485
-1233442496
-1224442395
1001110
101110
-1234442496
0
0
0
0
0
11111100
1010101
2001392239
-1519483865
-1234342485
-1233442396
-1233331385
1001110
110100
-1234442496
0
0
0
0
0
11111100
1010101
2001392239
-1519394866
-1234341386
-1233441496
-1233332386
1001111
111011
-1234442496
0
0
0
0
0
11111100
1010101
2001392239
-1519393865
-1234331396
-1233441395
-1233341485
1010001
1000101
-1234442496
0
0
0
0
0
11111100
1010101
2001392239
-1519383975
-1233441485
-1233432486
-1233431386
1010100
1001111
-1234442496
0
0
0
0
0
11111100
1010101
2001392239
-1530494965
1011001
-1233432386
-1233432486
1010111
1011000
-1234442496
0
0
0
0
0
11111100
1010101
2001392239
-1530493875
1100101
-1233431496
-1233442385
1011011
1011111
-1234442496
0
0
0
0
0
11111100
1010101
2001392239
-1530483976
1110000
-1233431496
-1234331396
1100000
1100100
-1234442496
0
0
0
0
0
11111100
1010101
2001392239
-1530394965
1111010
-1233432385
-1234332486
1100110
1101001
-1234442496
0
0
0
0
0
11111100
1010101
2001392239
-1530393875
10000010
-1233432395
-1234341495
1101100
1101100
-1234442496
0
0
0
0
0
11111100
1010101
2001392239
-1530384866
10001000
-1233432486
-1234342495
1110010
1101101
-1234442496
0
0
0
0
0
11111100
1010101
2001392239
-1530383865
10001101
-1233441386
-1234431486
1111001
1101110
-1234442496
0
0
0
0
0
11111100
1010101
2001392239
-1529494865
10010001
-1233441486
-1234432396
1111111
1101110
-1234442496
0
0
0
0
0
11111100
1010101
2001392239
-1529493865
10010101
-1233442386
-1234441386
10000101
1101110
-1234442496
0
0
0
0
0
11111100
1010101
2001392239
-1529484875
10011000
-1233442485
-1234441486
10001001
1101110
-1234442496
0
0
0
0
0
11111100
1010101
2001392239
-1529483975
10011010
-1233442495
-1234442385
10001100
1101110
-1234442496
0
0
0
0
0
11111100
1010101
2001392239
-1529483875
10011110
-1233442495
-1234442485
10001110
1110000
-1234442496
0
0
0
0
0
11111100
1010101
2001392239
-1529394976
10100010
-1233442486
-1223331385
-1224441385
1110010
-1234442496
0
0
0
0
0
11111100
1010101
2001392239
-1529394976
10100110
-1233442386
-1223331395
-1224441395
1110110
-1234442496
0
0
0
0
0
11111100
1010101
2001392239
-1529394975
10101011
-1233441486
-1223331486
-1224441396
1111011
-1234442496
0
0
0
0
0
11111100
1010101
2001392239
-1529394966
10110001
-1233441385
-1223332385
-1224441486
10000000
-1234442496
0
0
0
0
0
11111100
1010101
2001392239
-1529394975
10110110
-1233432395
-1223332395
-1224442386
10000110
-1234442496
0
0
0
0
0
11111100
1010101
2001392239
-1529394975
10111100
-1233431485
-1223332486
-1224442485
10001100
-1234442496
0
0
0
0
0
11111100
1010101
2001392239
-1529394976
11000001
-1233342495
-1223332496
-1224442496
10010001
-1234442496
0
0
0
0
0
11111100
1010101
2001392239
-1529394976
11000101
-1233342395
-1223341386
-1233331386
10010101
-1234442496
0
0
0
0
0
11111100
1010101
2001392239
-1529394975
11001000
-1233342385
-1223341396
-1233331395
10011000
-1234442496
0
0
0
0
0
11111100
1010101
2001392239
-1529394975
11001001
-1233341496
-1223341485
-1233331395
10011001
-1234442496
0
0
0
0
0
11111100
1010101
2001392239
-1529394975
11001000
-1233342385
-1223341396
-1233331395
10011000
-1234442496
0
0
0
0
0
11111100
1010101
2001392239
-1529394966
11000111
-1233342395
-1223341396
-1233331385
10010110
-1234442496
0
0
0
0
0
11111100
1010101
2001392239
-1529394965
11000110
-1233342485
-1223341396
-1224442496
10010101
-1234442496
0
0
0
0
0
11111100
1010101
2001392239
-1529394965
11000100
-1233342495
-1223341395
-1224442495
10010011
-1234442496
0
0
0
0
0
11111100
1010101
2001392239
-1529394876
11000010
-1233431386
-1223341395
-1224442485
10010000
-1234442496
0
0
0
0
0
11111100
1010101
2001392239
-1529394876
10111111
-1233431485
-1223341385
-1224442395
10001101
-1234442496
0
0
0
0
0
11111100
1010101
2001392239
-1529394866
10111101
-1233432385
-1223341385
-1224441496
10001010
-1234442496
0
0
0
0
0
11111100
1010101
2001392239
-1529394866
10111010
-1233432396
-1223332496
-1224441495
10000111
-1234442496
0
0
0
0
0
11111100
1010101
2001392239
-1529393976
10111001
-1233432495
-1223332496
-1224441396
10000101
-1234442496
0
0
0
0
0
11111100
1010101
2001392239
-1529393975
10111001
-1233432496
-1223341385
-1224441395
10000101
-1234442496
0
0
0
0
0
11111100
1010101
2001392239
-1529393966
10111010
-1233432496
-1223341386
-1224441395
10000101
-1234442496
0
0
0
0
0
11111100
1010101
2001392239
-1529393965
10111101
-1233432486
-1223341396
-1224441395
10001000
-1234442496
0
0
0
0
0
11111100
1010101
2001392239
-1529393875
11000001
-1233432396
-1223341495
-1224441395
10001011
-1234442496
0
0
0
0
0
11111100
1010101
2001392239
-1529393875
11000101
-1233431496
-1223342385
-1224441485
10001111
-1234442496
0
0
0
0
0
11111100
1010101
2001392239
-1529393866
11001010
-1233431396
-1223342396
-1224441495
10010011
-1234442496
0
0
0
0
0
11111100
1010101
2001392239
-1529393865
11001111
-1233342496
-1223342495
-1224441496
10011000
-1234442496
0
0
0
0
0
11111100
1010101
2001392239
-1529393865
11010010
-1233342485
-1223342496
-1224442386
10011011
-1234442496
0
0
0
0
0
11111100
1010101
2001392239
-1529393865
11010101
-1233342386
-1223431386
-1224442395
10011110
-1234442496
0
0
0
0
0
11111100
1010101
2001392239
-1529393866
11010101
-1233342385
-1223431385
-1224442396
10011110
-1234442496
0
0
0
0
0
11111100
1010101
2001392239
-1529393875
11010100
-1233342385
-1223342496
-1224442485
10011110
-1234442496
0
0
0
0
0
11111100
1010101
2001392239
-1529393875
11010010
-1233342395
-1223342495
-1224442396
10011100
-1234442496
0
0
0
0
0
11111100
1010101
2001392239
-1529393875
11001111
-1233342486
-1223342486
-1224442386
10011001
-1234442496
0
0
0
0
0
11111100
1010101
2001392239
-1529393876
11001100
-1233342496
-1223342396
-1224442386
10010110
-1234442496
0
0
0
0
0
11111100
1010101
2001392239
-1529393875
11001010
-1233431395
-1223342395
-1224441496
10010100
-1234442496
0
0
0
0
0
11111100
1010101
2001392239
-1529393875
11000111
-1233431486
-1223342386
-1224441486
10010001
-1234442496
0
0
0
0
0
11111100
1010101
2001392239
-1529393875
11000011
-1233432386
-1223341496
-1224441396
10001101
-1234442496
0
0
0
0
0
11111100
1010101
2001392239
-1529393875
11000000
-1233432485
-1223341486
-1224441395
10001010
-1234442496
0
0
0
0
0
11111100
1010101
2001392239
-1529393876
10111101
-1233432495
-1223341396
-1224441386
10000111
-1234442496
0
0
0
0
0
11111100
1010101
2001392239
-1529393965
10111011
-1233432496
-1223341395
-1224441386
10000110
-1234442496
0
0
0
0
0
11111100
1010101
2001392239
-1529393966
10111011
-1233432495
-1223341386
-1224441395
10000110
-1234442496
0
0
0
0
0
11111100
1010101
2001392239
-1529393966
10111101
-1233432485
-1223341395
-1224441396
10001000
-1234442496
0
0
0
0
0
11111100
1010101
2001392239
-1529393966
11000000
-1233432386
-1223341485
-1224441486
10001011
-1234442496
0
0
0
0
0
11111100
1010101
2001392239
-1529393975
11000100
-1233431485
-1223341486
-1224442385
10010000
-1234442496
0
0
0
0
0
11111100
1010101
2001392239
-1529394865
11001000
-1233342495
-1223341495
-1224442485
10010101
-1234442496
0
0
0
0
0
11111100
1010101
2001392239
-1529394865
11001101
-1233342386
-1223342386
-1224442495
10011010
-1234442496
0
0
0
0
0
11111100
1010101
2001392239
-1529394866
11010010
-1233341396
-1223342396
-1233331395
10011111
-1234442496
0
0
0
0
0
11111100
1010101
2001392239
-1529394875
11010110
-1233332495
-1223342485
-1233331486
10100100
-1234442496
0
0
0
0
0
11111100
1010101
2001392239
-1529394876
11011010
-1233332386
-1223342495
-1233332385
10101000
-1234442496
0
0
0
0
0
11111100
1010101
2001392239
-1529394876
11011101
-1233331495
-1223342496
-1233332386
10101011
-1234442496
0
0
0
0
0
11111100
1010101
2001392239
-1529394876
11011111
-1233331485
-1223431385
-1233332395
10101101
-1234442496
0
0
0
0
0
11111100
1010101
2001392239
-1529394866
11100010
-1233331396
-1223431396
-1233332395
10101111
-1234442496
0
0
0
0
0
11111100
1010101
2001392239
-1529393865
11101100
-1233331395
-1223432485
-1233331495
10110101
-1234442496
0
0
0
0
0
11111100
1010101
2001392239
-1529383875
11111100
-1233331385
-1223442396
-1233331385
10111110
-1234442496
0
0
0
0
0
11111100
1010101
2001392239
-1520493865
10001
10000010
-1224332496
-1224442386
11001010
-1234442496
0
0
0
0
0
11111100
1010101
2001392239
-1520394965
101001
10000110
-1224431486
-1224441386
11011000
-1234442496
0
0
0
0
0
11111100
1010101
2001392239
-1520383966
1000100
10001010
-1224442495
-1224431496
11100111
-1234442496
0
0
0
0
0
11111100
1010101
2001392239
-1519484975
1100000
10001111
-1233341496
-1224342495
11111000
-1234442496
0
0
0
0
0
11111100
1010101
2001392239
-1519393976
1111101
10010101
-1233441386
-1224341495
1001
0
0
0
0
0
0
11111100
1010101
2001392239
-1519383866
10011010
10011100
-1234332396
-1224332495
11011
0
0
0
0
0
0
11111100
1010101
2001392239
-1530484966
110110111
10100101
-1234431396
-1224332386
101110
0
0
0
0
0
0
11111100
1010101
2001392239
-1530394866
111010100
10101110
-1234442485
-1224331396
1000001
0
0
0
0
0
0
11111100
1010101
2001392239
-1530384865
111101111
10111000
-1223341395
-1324331385
1010011
0
0
0
0
0
0
11111100
1010101
2001392239
-1529494866
100001000
111000010
-1223431495
-1323442486
1100101
0
0
0
0
0
0
11111100
1010101
2001392239
-1529484966
100011110
111001100
-1223441496
-1323442485
1110101
0
0
0
0
0
0
11111100
1010101
2001392239
-1529483875
100110010
111010101
-1224331495
-1323442396
10000011
0
0
0
0
0
0
11111100
1010101
2001392239
-1529394865
101000011
111011100
-1224341485
-1323442395
10001111
0
0
0
0
0
0
11111100
1010101
2001392239
-1529393865
101010001
111100010
-1224342496
-1323442386
10011001
0
0
0
0
0
0
11111100
1010101
2001392239
-1529384875
101011011
111100110
-1224431496
-1323442385
10100000
0
0
0
0
0
0
11111100
1010101
2001392239
-1529383965
101100010
111100111
-1224432486
-1323441486
10100100
0
0
0
0
0
0
11111100
1010101
2001392239
-1529383865
101100110
111100111
-1224441386
-1323441396
10100110
0
0
0
0
0
0
11111100
1010101
2001392228
-1530393875
1001010101
2001392239
-1520494965
101101001
111100110
-1224441486
-1323441386
10100111
0
0
0
0
0
0
11111100
1010101
2001392239
-1520494865
101101010
111100011
-1224441496
-1323432486
10100110
0
0
0
0
0
0
11111100
1010101
2001392239
-1520493965
101101011
111100000
-1224442395
-1323432395
10100101
0
0
0
0
0
0
11111100
1010101
2001392239
-1520493866
101101011
111011101
-1224442396
-1323431496
10100100
0
0
0
0
0
0
11111100
1010101
2001392239
-1520484966
101101011
111011001
-1224442486
-1323431396
10100010
0
0
0
0
0
0
11111100
1010101
2001392239
-1520484866
101101010
111010100
-1224442496
-1323342495
10011111
0
0
0
0
0
0
11111100
1010101
2001392239
-1520483976
101101001
111010001
-1224442496
-1323342485
10011101
0
0
0
0
0
0
11111100
1010101
2001392239
-1520483966
101101001
111001111
-1233331385
-1323342395
10011100
0
0
0
0
0
0
11111100
1010101
2001392239
-1520483876
101101010
111001110
-1233331395
-1323342385
10011100
0
0
0
0
0
0
11111100
1010101
2001392239
-1520483876
101101011
111001111
-1233331395
-1323342386
10011101
0
0
0
0
0
0
11111100
1010101
2001392239
-1520483876
101101101
111010001
-1233331396
-1323342395
10011111
0
0
0
0
0
0
11111100
1010101
2001392239
-1520483876
101110000
111010100
-1233331486
-1323342396
10100010
0
0
0
0
0
0
11111100
1010101
2001392239
-1520483966
101110010
111011000
-1233331486
-1323342495
10100101
0
0
0
0
0
0
11111100
1010101
2001392239
-1520484865
101110011
111011100
-1233331485
-1323431395
10100111
0
0
0
0
0
0
11111100
1010101
2001392239
-1520484875
101110101
111100000
-1233331485
-1323431486
10101010
0
0
0
0
0
0
11111100
1010101
2001392239
-1520484966
101110110
111100100
-1233331396
-1323432385
10101101
0
0
0
0
0
0
11111100
1010101
2001392239
-1520484975
101110111
111100110
-1233331396
-1323432395
10101110
0
0
0
0
0
0
11111100
1010101
2001392239
-1520484976
101110111
111100111
-1233331395
-1323432396
10101111
0
0
0
0
0
0
11111100
1010101
2001392239
-1520493866
101110101
111100111
-1233331385
-1323432485
10101110
0
0
0
0
0
0
11111100
1010101
2001392239
-1520493866
101110011
111100101
-1224442496
-1323432396
10101100
0
0
0
0
0
0
11111100
1010101
2001392239
-1520493875
101110000
111100011
-1224442486
-1323432395
10101001
0
0
0
0
0
0
11111100
1010101
2001392239
-1520493875
101101101
111100000
-1224442485
-1323432386
10100110
0
0
0
0
0
0
11111100
1010101
2001392239
-1520493875
101101011
111011110
-1224442396
-1323432385
10100100
0
0
0
0
0
0
11111100
1010101
2001392239
-1520493875
101101001
111011100
-1224442395
-1323431496
10100010
0
0
0
0
0
0
11111100
1010101
2001392239
-1520493875
101100110
111011001
-1224442385
-1323431486
10011111
0
0
0
0
0
0
11111100
1010101
2001392239
-1520493866
101100100
111010110
-1224442385
-1323431396
10011101
0
0
0
0
0
0
11111100
1010101
2001392239
-1520493866
101100011
111010101
-1224441496
-1323431396
10011100
0
0
0
0
0
0
11111100
1010101
2001392239
-1520493866
101100011
111010101
-1224441496
-1323431396
10011100
0
0
0
0
0
0
11111100
1010101
2001392239
-1520493866
101100100
111010110
-1224442385
-1323431396
10011101
0
0
0
0
0
0
11111100
1010101
2001392239
-1520493866
101100111
111011001
-1224442386
-1323431486
10100000
0
0
0
0
0
0
11111100
1010101
2001392239
-1520493866
101101011
111011101
-1224442396
-1323431496
10100100
0
0
0
0
0
0
11111100
1010101
2001392239
-1520493865
101110000
111100001
-1224442495
-1323432385
10101000
0
0
0
0
0
0
11111100
1010101
2001392239
-1520484976
101110101
111100101
-1233331386
-1323432395
10101101
0
0
0
0
0
0
11111100
1010101
2001392239
-1520493865
101111001
111101010
-1233331396
-1323432486
10110001
0
0
0
0
0
0
11111100
1010101
2001392239
-1520484976
101111110
111101110
-1233331495
-1323432495
10110110
0
0
0
0
0
0
11111100
1010101
2001392239
-1520493865
110000001
111110010
-1233331496
-1323441386
10111001
0
0
0
0
0
0
11111100
1010101
2001392239
-1520484976
110000100
111110100
-1233332386
-1323441386
10111100
0
0
0
0
0
0
11111100
1010101
2001392239
-1520484975
110000110
111110101
-1233332395
-1323441386
10111101
0
0
0
0
0
0
11111100
1010101
2001392239
-1520484975
110000110
111110101
-1233332395
-1323441386
10111101
0
0
0
0
0
0
11111100
1010101
2001392239
-1520484966
110000101
111110011
-1233332395
-1323441385
10111100
0
0
0
0
0
0
11111100
1010101
2001392239
-1520484965
110000100
111110001
-1233332395
-1323432495
10111010
0
0
0
0
0
0
11111100
1010101
2001392239
-1520484876
110000010
111101110
-1233332395
-1323432485
10111000
0
0
0
0
0
0
11111100
1010101
2001392239
-1520484876
110000000
111101100
-1233332386
-1323432396
10110110
0
0
0
0
0
0
11111100
1010101
2001392239
-1520484876
101111110
111101010
-1233332385
-1323432395
10110100
0
0
0
0
0
0
11111100
1010101
2001392239
-1520484875
101111100
111100111
-1233331496
-1323432385
10110001
0
0
0
0
0
0
11111100
1010101
2001392239
-1520484866
101111011
111100101
-1233331496
-1323431496
10110000
0
0
0
0
0
0
11111100
1010101
2001392239
-1520484865
101111001
111100010
-1233331496
-1323431486
10101101
0
0
0
0
0
0
11111100
1010101
2001392239
-1520483976
101111001
111100001
-1233331496
-1323431485
10101101
0
0
0
0
0
0
11111100
1010101
2001392239
-1520483976
101111001
111100001
-1233331496
-1323431485
10101101
0
0
0
0
0
0
11111100
1010101
2001392239
-1520483975
101111011
111100010
-1233332386
-1323431485
10101110
0
0
0
0
0
0
11111100
1010101
2001392239
-1520483975
101111101
111100100
-1233332395
-1323431486
10110000
0
0
0
0
0
0
11111100
1010101
2001392239
-1520483975
110000001
111101000
-1233332485
-1323431496
10110100
0
0
0
0
0
0
11111100
1010101
2001392239
-1520483975
110000101
111101100
-1233332495
-1323432386
10111000
0
0
0
0
0
0
11111100
1010101
2001392239
-1520483966
110001010
111110000
-1233341386
-1323432395
10111101
0
0
0
0
0
0
11111100
1010101
2001392239
-1520483966
110001110
111110100
-1233341396
-1323432485
11000001
0
0
0
0
0
0
11111100
1010101
2001392239
-1520483966
110010001
111110111
-1233341485
-1323432495
11000100
0
0
0
0
0
0
11111100
1010101
2001392239
-1520483966
110010011
111111001
-1233341486
-1323432496
11000110
0
0
0
0
0
0
11111100
1010101
2001392239
-1520483965
110010100
111111001
-1233341495
-1323432495
11000110
0
0
0
0
0
0
11111100
1010101
2001392239
-1520483965
110010011
111111000
-1233341495
-1323432495
11000101
0
0
0
0
0
0
11111100
1010101
2001392239
-1520483876
110010001
111110101
-1233341486
-1323432485
11000011
0
0
0
0
0
0
11111100
1010101
2001392239
-1520483876
110001111
111110011
-1233341485
-1323432396
11000001
0
0
0
0
0
0
11111100
1010101
2001392239
-1520483876
110001100
111110000
-1233341396
-1323432386
10111110
0
0
0
0
0
0
11111100
1010101
2001392239
-1520483875
110001001
111101100
-1233341395
-1323431496
10111010
0
0
0
0
0
0
11111100
1010101
2001392239
-1520483866
110000111
111101001
-1233341386
-1323431486
10111000
0
0
0
0
0
0
11111100
1010101
2001392239
-1520483865
110000101
111100110
-1233341386
-1323431396
10110101
0
0
0
0
0
0
11111100
1010101
2001392239
-1520394976
110000100
111100100
-1233341386
-1323431386
10110100
0
0
0
0
0
0
11111100
1010101
2001392239
-1520394975
110000100
111100011
-1233341386
-1323431385
10110011
0
0
0
0
0
0
11111100
1010101
2001392239
-1520394965
110000110
111100011
-1233341396
-1323342496
10110100
0
0
0
0
0
0
11111100
1010101
2001392239
-1520394965
110001000
111100101
-1233341485
-1323431385
10110110
0
0
0
0
0
0
11111100
1010101
2001392239
0
-1774901888
272620042
-1669149686
1561570503
-554181699
-1669149695
1100000001
0
0
0
0
0
0
-1774901888
-569149686
1682685450
-1784901888
-1495951427
1410065409
-669149695
0
0
0
0
0
0
-1774901888
1410065418
-1468766966
1416134912
-1906016835
-565292800
-1878832383
0
0
0
0
0
0
-1774901888
550459393
1904507146
376447232
-1711703619
334324480
-980394751
0
0
0
0
0
0
-1774901888
1277839361
-292702454
-192319744
1483263677
-1254047744
1864819457
0
0
0
0
0
0
-1774901888
528637697
-292319734
-2099644672
173198269
1195705344
-1214012927
0
0
0
0
0
0
-1774901888
1156017665
196052490
274012160
1655500989
979570432
57877249
0
0
0
0
0
0
-1774901888
468325377
-847809526
62087168
655500989
-486632960
1274012161
0
0
0
0
0
0
-1774901888
785639937
2001392138
1215752193
245435581
-1292702464
-665675519
0
0
0
0
0
0
-1774901888
2037092353
1784077578
-253014783
-654564419
688754944
844772609
0
0
0
0
0
0
-1774901888
-1530494975
-1823197430
-292702463
-754564419
488372224
-569149686
0
0
0
0
0
0
-1774901888
965202177
62087178
1023432449
539748797
100000000
-468766966
0
0
0
0
0
0
-1774901888
-1702385151
-665292790
2095322625
539748797
-2006016825
19605258
0
0
0
0
0
0
-1774901888
1059132673
11
2101392129
-460251203
-460251193
1059132682
0
0
0
0
0
0
-1774901888
1492199425
-669149685
1156017665
-460251203
-1142936633
-486632950
0
0
0
0
0
0
-1774901888
-980394751
1898437643
1744389889
-870316611
-772398649
-703947510
0
0
0
0
0
0
-1774901888
1588754945
-1763080181
1744772609
-870316611
1379053767
-2099644662
0
0
0
0
0
0
-1774901888
-1663080191
1688754955
-2079215094
-970316611
-2088533561
1367942666
0
0
0
0
0
0
1420065408
-1878832383
-1774901888
-1296529663
-1080394741
1998437642
-970316611
-1419383865
-1883509750
0
0
0
0
0
0
-1774901888
1782685441
1376447243
-353014774
-870316611
-1908588601
1568325386
0
0
0
0
0
0
-1774901888
-669149695
1492199435
-1490460150
-460251203
-475521849
-1154047734
0
0
0
0
0
0
-1774901888
-1784901887
-1802767861
1376447242
539748797
-1691274041
1156017674
0
0
0
0
0
0
-1774901888
-1234442496
1592199435
-1802767862
655500989
1775930567
61704458
0
0
0
0
0
0
-1774901888
650459392
-1608454645
-1292702454
73198269
1970243783
61704458
0
0
0
0
0
0
-1774901888
744772608
376447243
-1292702454
1583263677
660178375
1256017674
0
0
0
0
0
0
-1774901888
-565292800
-1390460149
-1802767862
-2006016835
660178375
-254047734
0
0
0
0
0
0
-1774901888
-1507062528
1998820363
-1508454646
-495951427
660178375
1784077578
0
0
0
0
0
0
-1774901888
-2017127936
-353014773
1276447242
855883709
970243783
1568325386
0
0
0
0
0
0
-1774901888
1277839360
-1568766965
-1080394742
1561570493
1970243783
-941740022
0
0
0
0
0
0
-1774901888
1572152576
1588372235
-1296146934
11111110
2070243783
1001392138
0
0
0
0
0
0
-1774901888
1472152576
372620043
746985226
1421176518
1775930567
-114360054
0
0
0
0
0
0
-1774901888
1062087168
-1669149685
-763080182
1326863302
-2108971321
57877258
0
0
0
0
0
0
-1774901888
1062087168
1215752203
-568766966
-1968103994
-1108971321
252190474
0
0
0
0
0
0
-1774901888
1162087168
-1784901877
-1568766966
-1968103994
-1008971321
-747809526
0
0
0
0
0
0
-1774901888
1472152576
1315752203
-1468766966
1326863302
-1008971321
252190474
0
0
0
0
0
0
-1774901888
1277839360
-569149685
-468766966
1421176518
1603693255
57877258
0
0
0
0
0
0
-1774901888
-1607062528
1682685451
-763080182
-1223331395
1703693255
-214360054
0
0
0
0
0
0
-1774901888
-665292800
-1396529653
646985226
661570493
1703693255
-2099261942
0
0
0
0
0
0
-1774901888
744772608
-468766965
1688754954
345818301
1603693255
-1783509750
0
0
0
0
0
0
-1774901888
550459392
588754955
1804507146
-1595951427
1603693255
468325386
0
0
0
0
0
0
-1774901888
1650459392
-1196146933
-1080394742
-1711703619
-1008971321
374012170
0
0
0
0
0
0
-1774901888
-1334442496
-980394741
19605258
1073198269
-1008971321
-1610889718
0
0
0
0
0
0
-1774901888
-1234442496
276447243
376447242
73198269
-1008971321
-1254047734
0
0
0
0
0
0
-1774901888
1
276447243
276447242
73198269
1603693255
-1254047734
0
0
0
0
0
0
-1774901888
1
-80394741
-80394742
173198269
1703693255
-1610889718
0
0
0
0
0
0
-1774901888
100000001
-1390460149
-1490460150
1073198269
-1591274041
1274012170
0
0
0
0
0
0
-1774901888
1000000001
-1196146933
2098820362
1173198269
-281208633
1468325386
0
0
0
0
0
0
-1774901888
1410065409
1688754955
746985226
1483263677
-475521849
-841740022
0
0
0
0
0
0
-1774901888
1410065409
-253014773
-1663080182
-1711703619
34543559
2101392138
0
0
0
0
0
0
-1774901888
1410065409
-468766965
-1878832374
-2006016835
876313287
1295705354
0
0
0
0
0
0
-1774901888
1410065409
1416134923
1998437642
-1495951427
1976313287
1467942666
0
0
0
0
0
0
-1774901888
1410065409
1898437643
488372234
-654181699
-1008588601
-42122742
0
0
0
0
0
0
-1774901888
1410065409
588372235
782685450
-554181699
-908588601
252190474
0
0
0
0
0
0
-1774901888
1510065409
588372235
682685450
-554181699
2092065479
152190474
0
0
0
0
0
0
-1774901888
1510065409
1488372235
782685450
-654181699
2092065479
252190474
0
0
0
0
0
0
-1774901888
-1884901887
1998437643
1782685450
-595951427
-908588601
-42122742
0
0
0
0
0
0
-1774901888
1410065409
1316134923
1898437642
-595951427
-2008588601
1367942666
0
0
0
0
0
0
-1774901888
1000000001
-1878832373
1416134922
-1495951427
876313287
785639946
0
0
0
0
0
0
-1774901888
1
-468766965
-468766966
-1595951427
-65456441
-1999261942
0
0
0
0
0
0
-1774901888
2060524800
-763080181
-253014774
-1595951427
-1475521849
2101392138
0
0
0
0
0
0
-1774901888
646985227
1588754954
-1906016835
-1181208633
-941740022
0
0
0
0
0
0
-1774901888
1550459392
588754955
-1296146934
-1906016835
-1691274041
158259978
0
0
0
0
0
0
-1774901888
650459392
1588754955
1904507146
-2006016835
1603693255
568325386
0
0
0
0
0
0
-1774901888
650459392
688754955
1804507146
-1906016835
1603693255
468325386
0
0
0
0
0
0
-1774901888
550459392
646985227
-1296146934
-1495951427
1703693255
58259978
0
0
0
0
0
0
-1774901888
1844772608
-1663080181
1588754954
-654181699
-1691274041
-1783509750
0
0
0
0
0
0
-1774901888
1744772608
-1878832373
-253014774
445818301
-1281208633
1001392138
0
0
0
0
0
0
-1774901888
844772608
1998437643
-1763080182
1855883709
-281208633
785639946
0
0
0
0
0
0
-1774901888
1744772608
1782685451
1416134922
661570493
-475521849
367942666
0
0
0
0
0
0
-1774901888
1844772608
-569149685
488372234
2071635901
1034543559
-1157874934
0
0
0
0
0
0
-1774901888
1550459392
-1884901877
-1669149686
11111110
-908588601
-214742774
0
0
0
0
0
0
-1774901888
-1334442496
2060524810
-1234442495
1011111110
307163591
196052490
0
0
0
0
0
0
-1774901888
100000001
434707210
334707201
-1873790778
990681543
1865202186
0
0
0
0
0
0
-1774901888
1510065409
-1917127926
-1822814719
1226863302
-2088533561
-1486632950
0
0
0
0
0
0
-1774901888
1315752193
1472152586
334324481
1326863302
263301575
-1020082422
0
0
0
0
0
0
-1774901888
-1669149695
744389898
-1881427711
-1968103994
479053767
2059132682
0
0
0
0
0
0
-1774901888
-727379967
528637706
1256017665
-1658038586
1206816455
-292702454
0
0
0
0
0
0
-1774901888
372620033
-1881427702
-1610889727
-658038586
2012503239
-1508454646
0
0
0
0
0
0
-1774901888
782685441
1061704458
1468325377
-716268858
-772398649
276447242
0
0
0
0
0
0
-1774901888
1682685441
156017674
-883509759
383731142
479436487
1904507146
0
0
0
0
0
0
-1774901888
1782685441
1684077578
1295705345
1693796550
385123271
588754954
0
0
0
0
0
0
-1774901888
488372225
158259978
57877249
1499483334
-1599778617
-468766966
0
0
0
0
0
0
-1774901888
1782685441
1001392138
2137092353
1327246022
-142936633
1898437642
0
0
0
0
0
0
-1774901888
1682685441
467942666
979570433
-557655866
1267128775
272620042
0
0
0
0
0
0
-1774901888
682685441
-1257874934
196052481
-241903674
1072815559
1215752202
0
0
0
0
0
0
-1774901888
372620033
-314742774
-1919699711
1599866054
-1812086329
-1334442495
0
0
0
0
0
0
-1774901888
272620033
296052490
23432449
-1185035834
-970316601
1744772609
0
0
0
0
0
0
-1774901888
372620033
2080954378
-1192319743
-1479349050
539748807
-607062527
0
0
0
0
0
0
-1774901888
272620033
965202186
-1020082431
-69283642
-654564409
1277839361
0
0
0
0
0
0
-1774901888
372620033
23432458
1764819457
287558342
655500999
1162087169
0
0
0
0
0
0
-1774901888
782685441
-76567542
2059132673
30716358
1755500999
162087169
0
0
0
0
0
0
-1774901888
782685441
-76567542
2059132673
30716358
1755500999
162087169
0
0
0
0
0
0
-1774901888
1682685441
1023432458
864819457
-969283642
1655500999
1472152577
0
0
0
0
0
0
-1774901888
488372225
-2019699702
-2120082431
-1479349050
1655500999
1277839361
0
0
0
0
0
0
-1774901888
588372225
-1214012918
1692582145
-1285035834
655500999
-1507062527
0
0
0
0
0
0
-1774901888
1588372225
-1430494966
-292319743
1599866054
245435591
434707201
0
0
0
0
0
0
-1774901888
1898437633
-214742774
23432449
-241903674
539748807
1650459393
0
0
0
0
0
0
-1774901888
1998437633
2037092362
1965202177
-1651969082
-460251193
100000010
0
0
0
0
0
0
-1774901888
-1296529663
252190474
2080954369
-1457655866
-870316601
-1784901878
0
0
0
0
0
0
-1774901888
1416134913
467942666
-803947519
1427246022
-970316601
-1669149686
0
0
0
0
0
0
-1774901888
-1978832383
-214360054
196052481
-1285418554
-970316601
-569149686
0
0
0
0
0
0
-1774901888
-1568766975
785639946
196052481
2009548742
-870316601
-727379958
0
0
0
0
0
0
-1774901888
-1568766975
-114360054
-703947519
2009548742
-870316601
-569149686
0
0
0
0
0
0
-1774901888
-1468766975
1467942666
-1214012927
-1385418554
-460251193
-1669149686
0
0
0
0
0
0
-1774901888
-468766975
367942666
-1919699711
-1385418554
-654564409
1215752202
0
0
0
0
0
0
-1774901888
-468766975
-1042122742
965202177
1327246022
345435591
1410065418
0
0
0
0
0
0
-1774901888
-468766975
-1157874934
-76567551
-1867721274
755500999
-1234442495
0
0
0
0
0
0
-1774901888
-468766975
1195322634
-292319743
-557655866
73198279
650459393
0
0
0
0
0
0
-1774901888
-568766975
979570442
1692582145
-1651969082
1073198279
744772609
0
0
0
0
0
0
-1774901888
-568766975
-530494966
-2120082431
-341903674
1583263687
-507062527
0
0
0
0
0
0
-1774901888
-1878832383
-703947510
1764819457
599866054
1483263687
-1917127935
0
0
0
0
0
0
-1774901888
-1978832383
-1114012918
864819457
699866054
1483263687
-2017127935
0
0
0
0
0
0
-1774901888
-1296529663
-2114012918
1764819457
2009931462
1073198279
1377839361
0
0
0
0
0
0
-1774901888
-1396529663
-1214012918
-2120082431
2009931462
173198279
-1917127935
0
0
0
0
0
0
-1774901888
1898437633
-803947510
1592582145
2009931462
1655500999
-607062527
0
0
0
0
0
0
-1774901888
1488372225
296052490
-1192319743
1699866054
245435591
334707201
0
0
0
0
0
0
-1774901888
588372225
-430494966
-486632959
1599866054
539748807
1744772609
0
0
0
0
0
0
-1774901888
1782685441
979570442
865202177
699866054
-870316601
1650459393
0
0
0
0
0
0
-1774901888
1682685441
685257226
-2019699711
599866054
-1870316601
-1234442495
0
0
0
0
0
0
-1774901888
682685441
1095322634
2080954369
599866054
-1912086329
1000000010
0
0
0
0
0
0
-1774901888
272620033
1195322634
-1114012927
599866054
1072815559
1410065418
0
0
0
0
0
0
-1774901888
-727379967
785257226
-1114012927
1599866054
972815559
1100000010
0
0
0
0
0
0
-1774901888
-569149695
-214742774
-1214012927
2009931462
972815559
100000010
0
0
0
0
0
0
-1774901888
-669149695
-20429558
-919699711
-1285035834
1072815559
-1334442495
0
0
0
0
0
0
-1774901888
-1979215103
296052490
-2019699711
-1379349050
1072815559
650459393
0
0
0
0
0
0
-1774901888
-2079215103
-1214012918
865202177
-69283642
1482880967
844772609
0
0
0
0
0
0
-1774901888
1315752193
-2019699702
-386632959
387558342
-1812086329
-507062527
0
0
0
0
0
0
-1774901888
-1784901887
23432458
-292319743
-1597343546
-1970316601
1377839361
0
0
0
0
11011100
-1323332496
-1234332396
100000000
0
0
0
0
0
11111100
1010101
2001392239
-1520384866
10001101
111010111
11011110
-1323341385
-1234332486
100000000
0
0
0
0
0
11111100
1010101
2001392239
-1520384965
10001001
111010110
11100010
-1323341386
-1234341385
100000000
0
0
0
0
0
11111100
1010101
2001392239
-1520393876
10000001
111010101
11101001
-1323341485
-1234341485
100000000
0
0
0
0
0
11111100
1010101
2001392239
-1520394876
1110111
111010011
11110010
-1323341496
-1234342395
100000000
0
0
0
0
0
11111100
1010101
2001392239
-1520483965
1101010
111001111
11111101
-1323342386
-1234431396
100000000
0
0
0
0
0
11111100
1010101
2001392239
-1520484966
1011100
111001010
1001
-1223342396
-1234432485
100000000
0
0
0
0
0
11111100
1010101
2001392239
-1520493976
1001100
111000100
10110
-1223342486
-1234441496
100000000
0
0
0
0
0
11111100
1010101
2001392239
-1529383866
111100
110111110
100011
-1223342496
-1223331395
0
0
0
0
0
0
11111100
1010101
2001392239
-1529384866
101101
110110111
101110
-1223431385
-1223332486
0
0
0
0
0
0
11111100
1010101
2001392239
-1529393866
11110
110110000
111010
-1223431385
-1223342385
0
0
0
0
0
0
11111100
1010101
2001392239
-1529393976
10001
110101001
1000011
-1223431385
-1223431395
0
0
0
0
0
0
11111100
1010101
2001392239
-1529394966
100
110100010
1001101
-1223342496
-1223432485
0
0
0
0
0
0
11111100
1010101
2001392239
-1529483875
11111010
10011101
1010100
-1223342496
-1223441485
0
0
0
0
0
0
11111100
1010101
2001392239
-1529483975
11110010
10011001
1011010
-1223342496
-1223442395
0
0
0
0
0
0
11111100
1010101
2001392239
-1529484866
11101101
10010111
1011110
-1223431385
-1223442486
0
0
0
0
0
0
11111100
1010101
2001392239
-1529484965
11101011
10011000
1100001
-1223431395
-1223442495
0
0
0
0
0
0
11111100
1010101
2001392239
-1529484976
11101011
10011011
1100010
-1223431486
-1223442485
0
0
0
0
0
0
11111100
1010101
2001392239
-1529484976
11101111
10011111
1100000
-1223431496
-1223442385
0
0
0
0
0
0
11111100
1010101
2001392239
-1529493865
11110011
10100100
1011111
-1223432395
-1223441485
0
0
0
0
0
0
11111100
1010101
2001392239
-1529493865
11111001
10101010
1011100
-1223432486
-1223432495
0
0
0
0
0
0
11111100
1010101
2001392239
-1529493866
11111110
10110000
1011010
-1223441385
-1223432385
0
0
0
0
0
0
11111100
1010101
2001392228
-1530493965
101010101
2001392239
-1529493866
11
110110101
1010111
-1223441396
-1223431396
0
0
0
0
0
0
11111100
1010101
2001392239
-1529493866
111
110111001
1010101
-1223441486
-1223342496
0
0
0
0
0
0
11111100
1010101
2001392239
-1529493865
1010
110111011
1010011
-1223441486
-1223342486
0
0
0
0
0
0
11111100
1010101
2001392239
-1529493865
1010
110111011
1010011
-1223441486
-1223342486
0
0
0
0
0
0
11111100
1010101
2001392239
-1529493865
1001
110111010
1010100
-1223441486
-1223342495
0
0
0
0
0
0
11111100
1010101
2001392239
-1529493865
101
110110110
1010110
-1223441396
-1223431395
0
0
0
0
0
0
11111100
1010101
2001392239
-1529493865
1
110110010
1011000
-1223441386
-1223431495
0
0
0
0
0
0
11111100
1010101
2001392239
-1529493865
11111100
10101101
1011010
-1223432495
-1223432396
0
0
0
0
0
0
11111100
1010101
2001392239
-1529493866
11110110
10101000
1011110
-1223432485
-1223441385
0
0
0
0
0
0
11111100
1010101
2001392239
-1529493875
11101111
10100010
1100010
-1223432395
-1223441496
0
0
0
0
0
0
11111100
1010101
2001392239
-1529493965
11101000
10011101
1100110
-1223432385
-1223442486
0
0
0
0
0
0
11111100
1010101
2001392239
-1529493965
11100011
10011000
1101001
-1223431495
-1224331395
0
0
0
0
0
0
11111100
1010101
2001392239
-1529493966
11011110
10010100
1101100
-1223431485
-1224331495
0
0
0
0
0
0
11111100
1010101
2001392239
-1529493975
11011100
10010011
1101101
-1223431485
-1224332385
0
0
0
0
0
0
11111100
1010101
2001392239
-1529493976
11011100
10010100
1101110
-1223431486
-1224331496
0
0
0
0
0
0
11111100
1010101
2001392239
-1529494865
11011101
10010110
1101110
-1223431496
-1224331495
0
0
0
0
0
0
11111100
1010101
2001392239
-1529494866
11100000
10011010
1101101
-1223432386
-1224331395
0
0
0
0
0
0
11111100
1010101
2001392239
-1529494875
11100100
10011111
1101011
-1223432485
-1223442495
0
0
0
0
0
0
11111100
1010101
2001392239
-1529494875
11101001
10100100
1101001
-1223432496
-1223442386
0
0
0
0
0
0
11111100
1010101
2001392239
-1529494965
11101101
10101010
1101000
-1223441396
-1223441485
0
0
0
0
0
0
11111100
1010101
2001392239
-1529494966
11110001
10101111
1100110
-1223441495
-1223432496
0
0
0
0
0
0
11111100
1010101
2001392239
-1529494976
11110100
10110100
1100110
-1223442386
-1223432396
0
0
0
0
0
0
11111100
1010101
2001392239
-1529494976
11110110
10110110
1100101
-1223442395
-1223432386
0
0
0
0
0
0
11111100
1010101
2001392239
-1530383866
11110101
10110111
1100110
-1223442485
-1223432386
0
0
0
0
0
0
11111100
1010101
2001392239
-1530383875
11110011
10110110
1101000
-1223442485
-1223432396
0
0
0
0
0
0
11111100
1010101
2001392239
-1530383875
11110000
10110011
1101001
-1223442395
-1223432495
0
0
0
0
0
0
11111100
1010101
2001392239
-1530383876
11101011
10101111
1101100
-1223442386
-1223441395
0
0
0
0
0
0
11111100
1010101
2001392239
-1530383876
11100110
10101010
1101111
-1223441495
-1223441496
0
0
0
0
0
0
11111100
1010101
2001392239
-1530383965
11100000
10100101
1110010
-1223441485
-1223442486
0
0
0
0
0
0
11111100
1010101
2001392239
-1530383965
11011010
10011111
1110101
-1223441386
-1224331396
0
0
0
0
0
0
11111100
1010101
2001392239
-1530383966
11010100
10011010
1111001
-1223432496
-1224332385
0
0
0
0
0
0
11111100
1010101
2001392239
-1530383966
11001111
10010101
1111011
-1223432486
-1224332486
0
0
0
0
0
0
11111100
1010101
2001392239
-1530383965
11001100
10010001
1111100
-1223432395
-1224341386
0
0
0
0
0
0
11111100
1010101
2001392239
-1530383876
11001011
10001111
1111100
-1223432386
-1224341395
0
0
0
0
0
0
11111100
1010101
2001392239
-1530383876
11001100
10010000
1111100
-1223432386
-1224341386
0
0
0
0
0
0
11111100
1010101
2001392239
-1530383876
11001110
10010010
1111011
-1223432395
-1224332496
0
0
0
0
0
0
11111100
1010101
2001392239
-1530383876
11010010
10010110
1111001
-1223432485
-1224332396
0
0
0
0
0
0
11111100
1010101
2001392239
-1530383875
11010111
10011010
1110110
-1223432495
-1224331496
0
0
0
0
0
0
11111100
1010101
2001392239
-1530383875
11011101
10100000
1110011
-1223441386
-1224331386
0
0
0
0
0
0
11111100
1010101
2001392239
-1530383875
11100010
10100101
1110000
-1223441396
-1223442485
0
0
0
0
0
0
11111100
1010101
2001392239
-1530383876
11100111
10101011
1101110
-1223441496
-1223441495
0
0
0
0
0
0
11111100
1010101
2001392239
-1530383876
11101011
10101111
1101100
-1223442386
-1223441395
0
0
0
0
0
0
11111100
1010101
2001392239
-1530383876
11101101
10110001
1101011
-1223442395
-1223441385
0
0
0
0
0
0
11111100
1010101
2001392239
-1530383965
11101101
10110010
1101100
-1223442396
-1223441385
0
0
0
0
0
0
11111100
1010101
2001392239
-1530383966
11101011
10110001
1101101
-1223442396
-1223441386
0
0
0
0
0
0
11111100
1010101
2001392239
-1530383966
11101000
10101110
1101111
-1223442386
-1223441485
0
0
0
0
0
0
11111100
1010101
2001392239
-1530383965
11100101
10101010
1110000
-1223441496
-1223442385
0
0
0
0
0
0
11111100
1010101
2001392239
-1530383876
11100001
10100101
1110001
-1223441485
-1223442485
0
0
0
0
0
0
11111100
1010101
2001392239
-1529494976
11100001
10100001
1101111
-1223441385
-1223442495
0
0
0
0
0
0
11111100
1010101
2001392239
-1529494875
11100011
10011110
1101100
-1223432485
-1223442496
0
0
0
0
0
0
11111100
1010101
2001392239
-1529493965
11100111
10011100
1100111
-1223432385
-1223442495
0
0
0
0
0
0
11111100
1010101
2001392239
-1529484966
11101101
10011011
1100000
-1223431485
-1223442396
0
0
0
0
0
0
11111100
1010101
2001392239
-1529483965
11110100
10011001
1011000
-1223342495
-1223442386
0
0
0
0
0
0
11111100
1010101
2001392239
-1529394876
11111100
10011000
1010000
-1223342386
-1223441486
0
0
0
0
0
0
11111100
1010101
2001392239
-1529393875
11
110010110
1001000
-1223341485
-1223441396
0
0
0
0
0
0
11111100
1010101
2001392239
-1529384866
1000
110010010
1000001
-1223332486
-1223441395
0
0
0
0
0
0
11111100
1010101
2001392239
-1529383866
1011
110001101
111011
-1223331496
-1223441396
0
0
0
0
0
0
11111100
1010101
2001392239
-1520494875
1100
110000111
110111
-1223331385
-1223441495
0
0
0
0
0
0
11111100
1010101
2001392239
-1520493876
1100
110000000
110100
-1234442386
11000110
0
0
0
0
0
0
11111100
1010101
2001392239
-1520484975
1010
101111001
110010
-1234441396
11000001
0
0
0
0
0
0
11111100
1010101
2001392239
-1520484865
1000
101110001
110000
-1234432485
10111100
0
0
0
0
0
0
11111100
1010101
2001392239
-1520483966
100
101101010
110001
-1234431496
10110111
0
0
0
0
0
0
11111100
1010101
2001392239
-1520483875
0
101100011
110001
-1234431395
10110001
0
0
0
0
0
0
11111100
1010101
2001392239
-1520394976
11111100
1011100
110010
-1234342486
10101100
0
0
0
0
0
0
11111100
1010101
2001392239
-1520394965
11111010
1010111
110001
-1234342386
10101000
0
0
0
0
0
0
11111100
1010101
2001392239
-1520394866
11111001
1010011
110000
-1234341495
10100110
0
0
0
0
0
0
11111100
1010101
2001392239
-1520393975
11111011
1010010
101110
-1234341485
10100110
0
0
0
0
0
0
11111100
1010101
2001392239
-1520393876
11111111
1010011
101010
-1234341396
10101001
0
0
0
0
0
0
11111100
1010101
2001392239
-1520393865
101
101010110
100110
-1234341396
10101101
0
0
0
0
0
0
11111100
1010101
2001392239
-1520384975
1100
101011011
100001
-1234341485
10110011
0
0
0
0
0
0
11111100
1010101
2001392239
-1520384876
10101
101100001
11011
-1234341495
10111011
0
0
0
0
0
0
11111100
1010101
2001392239
-1520384866
11101
101100111
10110
-1234342385
11000010
0
0
0
0
0
0
11111100
1010101
2001392239
-1520383976
100101
101101101
10001
-1234342395
11001001
0
0
0
0
0
0
11111100
1010101
2001392239
-1520383975
101100
101110011
1101
-1234342485
11001111
0
0
0
0
0
0
11111100
1010101
2001392239
-1520383966
110010
101111000
1010
-1234342495
11010101
0
0
0
0
0
0
11111100
1010101
2001392239
-1520383965
110101
101111010
1000
-1234342496
11010111
0
0
0
0
0
0
11111100
1010101
2001392239
-1520383876
110111
101111011
110
-1234342496
11011001
0
0
0
0
0
0
11111100
1010101
2001392239
-1520383876
110110
101111010
111
-1234342495
11011000
0
0
0
0
0
0
11111100
1010101
2001392239
-1520383876
110100
101111000
1000
-1234342486
11010110
0
0
0
0
0
0
11111100
1010101
2001392239
-1520383875
110001
101110100
1001
-1234342396
11010010
0
0
0
0
0
0
11111100
1010101
2001392239
-1520383875
101101
101110000
1011
-1234342386
11001110
0
0
0
0
0
0
11111100
1010101
2001392239
-1520383866
101001
101101011
1100
-1234341495
11001010
0
0
0
0
0
0
11111100
1010101
2001392239
-1519494976
100101
101100101
1101
-1234341395
11000101
0
0
0
0
0
0
11111100
1010101
2001392239
-1519494975
100001
101100000
1111
-1234332496
11000000
0
0
0
0
0
0
11111100
1010101
2001392239
-1519494975
11101
101011100
10001
-1234332486
10111100
0
0
0
0
0
0
11111100
1010101
2001392239
-1519494975
11010
101011001
10010
-1234332396
10111001
0
0
0
0
0
0
11111100
1010101
2001392239
-1519494976
11001
101011001
10011
-1234332485
10111001
0
0
0
0
0
0
11111100
1010101
2001392239
-1519494976
11001
101011001
10011
-1234332485
10111001
0
0
0
0
0
0
11111100
1010101
2001392239
-1520383875
11001
101011100
10101
-1234332496
10111010
0
0
0
0
0
0
11111100
1010101
2001392239
-1520383876
11011
101011111
10100
-1234341386
10111101
0
0
0
0
0
0
11111100
1010101
2001392239
-1520383966
11110
101100100
10100
-1234341485
11000001
0
0
0
0
0
0
11111100
1010101
2001392239
-1520383976
100000
101101000
10100
-1234341496
11000100
0
0
0
0
0
0
11111100
1010101
2001392239
-1520384866
100011
101101101
10011
-1234342396
11001000
0
0
0
0
0
0
11111100
1010101
2001392239
-1520384875
100110
101110001
10010
-1234342486
11001011
0
0
0
0
0
0
11111100
1010101
2001392239
-1520384965
100111
101110100
10011
-1234431385
11001101
0
0
0
0
0
0
11111100
1010101
2001392239
-1520384966
100111
101110101
10011
-1234431386
11001110
0
0
0
0
0
0
11111100
1010101
2001392239
-1520384976
100101
101110101
10101
-1234431395
11001101
0
0
0
0
0
0
11111100
1010101
2001392239
-1520393865
100010
101110011
10111
-1234431386
11001010
0
0
0
0
0
0
1288950471
-1802767872
0
0
0
0
0
0
-1774901888
272620032
-392702464
-1080394752
-1970316601
-1906016825
1786512640
0
0
0
0
0
0
-1774901888
682685440
1492199424
1998820352
-970316601
-654181689
-80394752
0
0
0
0
0
0
-1774901888
1682685440
276447232
-763080192
-460251193
1755883719
2098820352
0
0
0
0
0
0
-1774901888
1782685440
-1296146944
-1296529664
-654564409
1971635911
-763080192
0
0
0
0
0
0
-1774901888
1488372224
-253014784
372620032
655500999
1100000000
1316134912
0
0
0
0
0
0
-1774901888
1898437632
-1878832384
-1784901888
73198279
-2079215104
782685440
0
0
0
0
0
0
-1774901888
-1396529664
1488372224
1971635911
1483263687
-627379968
-1979215104
0
0
0
0
0
0
-1774901888
1316134912
-727379968
-654181689
1288950471
488372224
0
0
0
0
0
0
0
-1774901888
-1978832384
-1884901888
1483263687
-1595951417
-1296529664
855883719
0
0
0
0
0
0
-1774901888
-1468766976
2071635911
-754564409
-495951417
-468766976
-1906016825
0
0
0
0
0
0
-1774901888
-468766976
345818311
1072815559
755883719
646985216
1755500999
0
0
0
0
0
0
-1774901888
-1763080192
-1811703609
-1599778617
661570503
2098820352
-970316601
0
0
0
0
0
0
-1774901888
-1663080192
245435591
-830628921
-1223331385
-1080394752
1167128775
0
0
0
0
0
0
-1774901888
-663080192
-1812086329
1206816455
1100000000
1686512640
1285123271
0
0
0
0
0
0
-1774901888
-663080192
-142936633
-1031011641
1315752192
-1802767872
-872398649
0
0
0
0
0
0
-1774901888
-353014784
385123271
1206433735
-669149696
-450932736
896751047
0
0
0
0
0
0
-1774901888
-663080192
-872398649
-419383865
682685440
959132672
-931011641
0
0
0
0
0
0
-1774901888
-663080192
1206816455
-2102901817
588372224
864819456
-2088533561
0
0
0
0
0
0
-1774901888
-663080192
379053767
976313287
1998437632
-2020082432
990681543
0
0
0
0
0
0
-1774901888
-763080192
-736698425
-375521849
1416134912
1592582144
-1519383865
0
0
0
0
0
0
-1774901888
-763080192
-1246763833
-1475521849
-1978832384
1692582144
-692836409
0
0
0
0
0
0
-1774901888
-1663080192
2048203463
-181208633
-1568766976
1692582144
-792836409
0
0
0
0
0
0
-1774901888
-1763080192
-2146763833
-1375521849
-1568766976
1592582144
-692836409
0
0
0
0
0
0
-1774901888
-468766976
-1146763833
-65456441
-1878832384
-1120082432
-1519383865
0
0
0
0
0
0
-1774901888
-468766976
263301575
876313287
1416134912
-2120082432
-109318457
0
0
0
0
0
0
-1774901888
-468766976
379053767
-1908588601
-1296529664
864819456
-203631673
0
0
0
0
0
0
-1774901888
-568766976
-103248953
-1102901817
1998437632
1959132672
2106433735
0
0
0
0
0
0
-1774901888
-568766976
-1988150841
-1419383865
1488372224
649067264
-836698425
0
0
0
0
0
0
-1774901888
-568766976
2112503239
-9318457
488372224
-350932736
-1031011641
0
0
0
0
0
0
-1774901888
-568766976
-872398649
-303631673
1682685440
-292702464
68988359
0
0
0
0
0
0
1420065408
1215752193
-1774901888
-468766976
-930628921
-203631673
782685440
-292702464
479053767
0
0
0
0
0
0
-1774901888
-468766976
-772398649
-303631673
782685440
-450932736
379053767
0
0
0
0
0
0
-1774901888
-1763080192
-872398649
890681543
782685440
-350932736
-31011641
0
0
0
0
0
0
-1774901888
-1663080192
2112503239
-519383865
1682685440
959132672
263301575
0
0
0
0
0
0
-1774901888
-763080192
1012503239
207163591
1782685440
1959132672
-1146763833
0
0
0
0
0
0
-1774901888
-663080192
1206816455
-2102901817
588372224
864819456
-2088533561
0
0
0
0
0
0
-1774901888
-663080192
1479053767
-2008588601
1588372224
-2120082432
696368327
0
0
0
0
0
0
-1774901888
-663080192
68988359
876313287
1998437632
-1120082432
890681543
0
0
0
0
0
0
-1774901888
-663080192
263301575
-65456441
-1296529664
1592582144
-519383865
0
0
0
0
0
0
-1774901888
-663080192
-836698425
-1375521849
1416134912
1692582144
307163591
0
0
0
0
0
0
-1774901888
-763080192
-1146763833
-1375521849
-1978832384
1692582144
207163591
0
0
0
0
0
0
-1774901888
-763080192
-836698425
-475521849
1416134912
1592582144
307163591
0
0
0
0
0
0
-1774901888
-1663080192
263301575
934543559
1316134912
-1120082432
-419383865
0
0
0
0
0
0
-1774901888
-1663080192
68988359
1876313287
-1396529664
-2120082432
990681543
0
0
0
0
0
0
-1774901888
-1663080192
-103248953
2092065479
1588372224
864819456
1206433735
0
0
0
0
0
0
-1774901888
-468766976
-2088150841
307163591
1488372224
959132672
-1146763833
0
0
0
0
0
0
-1774901888
-1468766976
2112503239
890681543
488372224
-450932736
-931011641
0
0
0
0
0
0
-1774901888
-1568766976
-930628921
1106433735
1682685440
-1392702464
1379053767
0
0
0
0
0
0
-1774901888
-1878832384
479436487
-2146763833
782685440
1592199424
896751047
0
0
0
0
0
0
-1774901888
-1878832384
1579436487
-836698425
372620032
1492199424
-2088150841
0
0
0
0
0
0
-1774901888
1416134912
1579436487
163301575
682685440
-1608454656
-1988150841
0
0
0
0
0
0
-1774901888
1316134912
579436487
-736698425
1682685440
-1608454656
1306816455
0
0
0
0
0
0
-1774901888
-1296529664
69371079
-1146763833
488372224
-1608454656
896751047
0
0
0
0
0
0
-1774901888
-1296529664
-872398649
-2088533561
1488372224
1492199424
1479053767
0
0
0
0
0
0
-1774901888
-1396529664
1112503239
796368327
1998437632
-1802767872
-31011641
0
0
0
0
0
0
-1774901888
1998437632
896751047
890681543
1316134912
-1392702464
-736698425
0
0
0
0
0
0
-1774901888
1998437632
1379053767
-1419383865
-1878832384
-392702464
2048203463
0
0
0
0
0
0
-1774901888
-1396529664
-931011641
-1102901817
-1468766976
549067264
696368327
0
0
0
0
0
0
-1774901888
-1396529664
-736698425
-908588601
-468766976
959132672
890681543
0
0
0
0
0
0
-1774901888
-1396529664
-1246763833
-2008588601
-1763080192
1059132672
-419383865
0
0
0
0
0
0
-1774901888
-1296529664
-2146763833
1876313287
-1763080192
2059132672
-519383865
0
0
0
0
0
0
-1774901888
-1296529664
-1246763833
1976313287
-1763080192
1959132672
-419383865
0
0
0
0
0
0
-1774901888
-1296529664
-836698425
-1908588601
-468766976
1059132672
-9318457
0
0
0
0
0
0
-1774901888
-1296529664
-1031011641
-2102901817
-1468766976
649067264
-203631673
0
0
0
0
0
0
-1774901888
1316134912
479053767
-692836409
-1978832384
549067264
1206433735
0
0
0
0
0
0
-1774901888
-1296529664
796751047
-419383865
1316134912
-392702464
-1146763833
0
0
0
0
0
0
-1774901888
1416134912
1112503239
-303631673
1588372224
-1292702464
-931011641
0
0
0
0
0
0
-1774901888
1416134912
-772398649
2106433735
488372224
-1802767872
1479053767
0
0
0
0
0
0
-1774901888
-1978832384
479436487
-1246763833
782685440
1492199424
896751047
0
0
0
0
0
0
-1774901888
-1468766976
1285123271
-736698425
-627379968
1492199424
1012503239
0
0
0
0
0
0
-1774901888
-1663080192
-1242936633
263301575
-1669149696
1592199424
-1872398649
0
0
0
0
0
0
-1774901888
646985216
1267128775
-931011641
-1884901888
-1702767872
-930628921
0
0
0
0
0
0
-1774901888
1998820352
-1812086329
68988359
-1223331385
-1292702464
579436487
0
0
0
0
0
0
-1774901888
-1390460160
-754564409
479053767
1855883719
-292702464
1385123271
0
0
0
0
0
0
-1774901888
1276447232
173198279
1479053767
-495951417
549067264
-1242936633
0
0
0
0
0
0
-1774901888
1492199424
-1906016825
896751047
-1711703609
649067264
1267128775
0
0
0
0
0
0
-1774901888
-292702464
855883719
-2088150841
1655500999
1059132672
-1912086329
0
0
0
0
0
0
-1774901888
959132672
-1323331385
2012503239
539748807
1059132672
-560251193
0
0
0
0
0
0
-1774901888
2059132672
1510065408
-872398649
-970316601
959132672
245435591
0
0
0
0
0
0
-1774901888
1864819456
-1669149696
-830628921
1482880967
1059132672
1755500999
0
0
0
0
0
0
-1774901888
-2020082432
-627379968
479436487
72815559
959132672
1173198279
0
0
0
0
0
0
-1774901888
1592582144
682685440
479436487
1167128775
1959132672
1483263687
0
0
0
0
0
0
-1774901888
1592582144
682685440
479436487
1167128775
1959132672
1483263687
0
0
0
0
0
0
-1774901888
-1702385152
372620032
-830628921
1167128775
764819456
1073198279
0
0
0
0
0
0
-1774901888
-1602385152
-727379968
-1772398649
1267128775
1864819456
1755500999
0
0
0
0
0
0
-1774901888
-1602385152
-1669149696
1112503239
72815559
-2020082432
345435591
0
0
0
0
0
0
-1774901888
-1602385152
-1784901888
1206816455
1072815559
-1020082432
439748807
0
0
0
0
0
0
-1774901888
-1192319744
1100000000
1379053767
1382880967
-1602385152
-1870316601
0
0
0
0
0
0
-1774901888
-192319744
-1223331385
-1031011641
1482880967
-1486632960
1382880967
0
0
0
0
0
0
-1774901888
-1386632960
1971635911
-1146763833
-1912086329
-386632960
-27184441
0
0
0
0
0
0
-1774901888
-486632960
561570503
2106433735
-1812086329
923432448
-142936633
0
0
0
0
0
0
-1774901888
-76567552
1855883719
796368327
-1812086329
965202176
-1142936633
0
0
0
0
0
0
-1774901888
23432448
1755883719
-203631673
-1812086329
1865202176
-1242936633
0
0
0
0
0
0
-1774901888
923432448
1855883719
-203631673
-1912086329
1965202176
-1242936633
0
0
0
0
0
0
-1774901888
1023432448
1561570503
796368327
1382880967
1865202176
-142936633
0
0
0
0
0
0
-1774901888
1023432448
-1323331385
-2088533561
972815559
865202176
1267128775
0
0
0
0
0
0
-1774901888
923432448
100000000
-1146763833
72815559
23432448
972815559
0
0
0
0
0
0
-1774901888
923432448
-1884901888
-1031011641
1167128775
-386632960
-1812086329
0
0
0
0
0
0
-1774901888
923432448
-1979215104
479053767
167128775
-1486632960
-560251193
0
0
0
0
0
0
-1774901888
923432448
-569149696
-103248953
-242936633
-292319744
-754564409
0
0
0
0
0
0
-1774901888
923432448
372620032
1306816455
-1242936633
-1292319744
655500999
0
0
0
0
0
0
-1774901888
923432448
782685440
-1988150841
-1499778617
-1602385152
1655500999
0
0
0
0
0
0
-1774901888
923432448
782685440
-1988150841
-1499778617
-1602385152
1655500999
0
0
0
0
0
0
-1774901888
923432448
372620032
1306816455
-1242936633
-1292319744
655500999
0
0
0
0
0
0
-1774901888
865202176
-627379968
-103248953
-1242936633
-192319744
-654564409
0
0
0
0
0
0
-1774901888
865202176
-1569149696
479053767
-242936633
-1386632960
-460251193
0
0
0
0
0
0
-1774901888
965202176
1315752192
-1031011641
-142936633
-76567552
-1870316601
0
0
0
0
0
0
-1774901888
1865202176
1510065408
-1146763833
267128775
1023432448
1382880967
0
0
0
0
0
0
-1774901888
1965202176
100000000
2106433735
1167128775
1865202176
-27184441
0
0
0
0
0
0
-1774901888
-1919699712
2071635911
-303631673
1267128775
-919699712
-142936633
0
0
0
0
0
0
-1774901888
-1019699712
1561570503
-109318457
-27184441
-2114012928
-1499778617
0
0
0
0
0
0
-1774901888
-919699712
561570503
-1419383865
72815559
-1114012928
1795188679
0
0
0
0
0
0
-1774901888
-1019699712
1855883719
-1419383865
972815559
-1114012928
1695188679
0
0
0
0
0
0
-1774901888
-1019699712
561570503
-519383865
72815559
-1214012928
1795188679
0
0
0
0
0
0
-1774901888
-1919699712
1561570503
-9318457
72815559
2080954368
-1242936633
0
0
0
0
0
0
-1774901888
-2019699712
2071635911
-203631673
-27184441
-1019699712
-142936633
0
0
0
0
0
0
-1774901888
965202176
0
-2088533561
-27184441
965202176
-27184441
0
0
0
0
0
0
-1774901888
1023432448
1410065408
-736698425
1267128775
23432448
1482880967
0
0
0
0
0
0
-1774901888
23432448
1215752192
68988359
1167128775
-1386632960
-970316601
0
0
0
0
0
0
-1774901888
-386632960
-1669149696
-103248953
267128775
-1192319744
539748807
0
0
0
0
0
0
-1774901888
-1386632960
-727379968
-1988150841
167128775
1692582144
655500999
0
0
0
0
0
0
-1774901888
-1386632960
372620032
2012503239
-242936633
-1020082432
1755500999
0
0
0
0
0
0
-1774901888
-1486632960
682685440
-1872398649
-242936633
-1120082432
73198279
0
0
0
0
0
0
-1774901888
-1386632960
682685440
2112503239
-242936633
-1020082432
73198279
0
0
0
0
0
0
-1774901888
-1386632960
272620032
1112503239
-142936633
1592582144
1655500999
0
0
0
0
0
0
-1774901888
-486632960
-727379968
-2088150841
-142936633
-1702385152
345435591
0
0
0
0
0
0
-1774901888
-486632960
-1669149696
796751047
267128775
-1292319744
539748807
0
0
0
0
0
0
-1774901888
-386632960
1215752192
479053767
1267128775
-192319744
-870316601
0
0
0
0
0
0
-1774901888
23432448
1410065408
263301575
-27184441
-386632960
-1912086329
0
0
0
0
0
0
-1774901888
1023432448
0
-2146763833
72815559
1023432448
72815559
0
0
0
0
0
0
-1774901888
965202176
2071635911
1106433735
72815559
1965202176
267128775
0
0
0
0
0
0
-1774901888
1965202176
1661570503
-303631673
72815559
-1019699712
-242936633
0
0
0
0
0
0
-1774901888
-1919699712
1661570503
890681543
-27184441
2080954368
-1142936633
0
0
0
0
0
0
-1774901888
-1019699712
1971635911
890681543
1267128775
2080954368
-1142936633
0
0
0
0
0
0
-1774901888
-919699712
-1223331385
-303631673
267128775
2080954368
167128775
0
0
0
0
0
0
-1774901888
-919699712
1000000000
796368327
167128775
-1019699712
1267128775
0
0
0
0
0
0
-1774901888
2080954368
-1784901888
-2088533561
-1142936633
-2019699712
1072815559
0
0
0
0
0
0
-1774901888
2080954368
-1669149696
-836698425
-1599778617
1865202176
-1970316601
0
0
0
0
0
0
-1774901888
-919699712
-627379968
-31011641
1695188679
923432448
439748807
0
0
0
0
0
0
-1774901888
-919699712
1682685440
1479053767
1285123271
-76567552
345435591
0
0
0
0
0
0
-1774901888
-1919699712
588372224
1206816455
385123271
-1486632960
1755500999
0
0
0
0
0
0
-1774901888
1865202176
588372224
-1988150841
1385123271
-1192319744
73198279
0
0
0
0
0
0
-1774901888
1023432448
488372224
1112503239
1795188679
-1602385152
173198279
0
0
0
0
0
0
-1774901888
-76567552
682685440
1012503239
-1242936633
-1702385152
1655500999
0
0
0
0
0
0
-1774901888
-1386632960
-569149696
-2088150841
167128775
1692582144
345435591
0
0
0
0
0
0
-1774901888
-1192319744
1215752192
896751047
972815559
1692582144
439748807
0
0
0
0
0
0
-1774901888
1692582144
100000000
-203248953
-1812086329
1592582144
-1870316601
0
0
0
0
0
0
-1774901888
-1020082432
1561570503
68988359
-560251193
-1702385152
1072815559
0
0
0
0
0
0
-1774901888
-2120082432
345818311
163301575
-654564409
-1602385152
167128775
0
0
0
0
0
0
-1774901888
764819456
1388950471
-2146763833
73198279
-1292319744
1795188679
0
0
0
0
0
0
-1774901888
959132672
173198279
1206433735
-1811703609
-1292319744
1579436487
0
0
0
0
0
0
-1774901888
549067264
345435591
-203631673
-2006016825
-1192319744
69371079
0
0
0
0
0
0
-1774901888
-350932736
-654564409
-303631673
-1906016825
-1192319744
-830628921
0
0
0
0
0
0
-1774901888
-350932736
245435591
-203631673
-1906016825
-1292319744
69371079
0
0
0
0
0
0
-1774901888
649067264
1655500999
796368327
1288950471
-1292319744
579436487
0
0
0
0
0
0
-1774901888
1959132672
1583263687
-2088533561
1173198279
-1292319744
1285123271
0
0
0
0
0
0
-1774901888
864819456
-1495951417
-836698425
755500999
-1602385152
-1142936633
0
0
0
0
0
0
-1774901888
-2120082432
855883719
-931011641
-754564409
-1702385152
1267128775
0
0
0
0
0
0
-1774901888
-1120082432
-1323331385
-203248953
-970316601
-1020082432
-1812086329
0
0
0
0
0
0
-1774901888
-1020082432
1410065408
1306816455
-1812086329
-2020082432
-460251193
0
0
0
0
0
0
-1774901888
-1020082432
1315752192
2012503239
1382880967
1764819456
245435591
0
0
0
0
0
0
-1774901888
-1120082432
-1979215104
-1772398649
1382880967
764819456
655500999
0
0
0
0
0
0
-1774901888
-2020082432
-1979215104
-872398649
1382880967
2059132672
755500999
0
0
0
0
0
0
-1774901888
1764819456
1215752192
-872398649
-1812086329
1959132672
345435591
0
0
0
0
0
0
-1774901888
2059132672
1000000000
2112503239
-560251193
1959132672
539748807
0
0
0
0
0
0
-1774901888
1059132672
2071635911
1012503239
539748807
2059132672
-870316601
0
0
0
0
0
0
-1774901888
549067264
1755883719
1206816455
655500999
2059132672
1482880967
0
0
0
0
0
0
-1774901888
-450932736
-495951417
1479053767
173198279
864819456
1267128775
0
0
0
0
0
0
-1774901888
-292702464
1388950471
-31011641
1483263687
1864819456
-242936633
0
0
0
0
0
0
-1774901888
-392702464
1173198279
-736698425
1288950471
-2020082432
1695188679
0
0
0
0
0
0
-1774901888
-292702464
1755500999
2048203463
1388950471
1592582144
285123271
0
0
0
0
0
0
-1774901888
-450932736
755500999
1206433735
-2006016825
-1702385152
579436487
0
0
0
0
0
0
-1774901888
-450932736
655500999
1106433735
-2006016825
-1702385152
479436487
0
0
0
0
0
0
-1774901888
-450932736
755500999
1206433735
-2006016825
-1702385152
579436487
0
0
0
0
0
0
-1774901888
-450932736
1755500999
-2088533561
1388950471
1692582144
1579436487
0
0
0
0
0
0
-1774901888
-450932736
1173198279
-1146763833
-1711703609
-1020082432
1385123271
0
0
0
0
0
0
-1774901888
-292702464
-1811703609
263301575
-1811703609
-2120082432
-1499778617
0
0
0
0
0
0
-1774901888
-1292702464
-2006016825
479053767
1583263687
764819456
167128775
0
0
0
0
0
0
-1774901888
-1392702464
-595951417
796751047
1173198279
1059132672
-27184441
0
0
0
0
0
0
-1774901888
-1802767872
-554181689
-1988150841
1173198279
549067264
1382880967
0
0
0
0
0
0
-1774901888
-1508454656
445818311
-1872398649
1173198279
-392702464
-1970316601
0
0
0
0
0
0
-1774901888
1686512640
445818311
-772398649
1583263687
-1702767872
-1870316601
0
0
0
0
0
0
-1774901888
1276447232
345818311
-930628921
-1811703609
1592199424
-1870316601
0
0
0
0
0
0
-1774901888
19605248
-595951417
-772398649
-2006016825
1492199424
-1812086329
0
0
0
0
0
0
-1774901888
-980394752
-2006016825
-1772398649
-1495951417
1492199424
1382880967
0
0
0
0
0
0
-1774901888
-1490460160
1483263687
2012503239
-554181689
1492199424
1267128775
0
0
0
0
0
0
-1774901888
1804507136
1655500999
-2088150841
855883719
1592199424
-242936633
0
0
0
0
0
0
-1774901888
-1296146944
-754564409
796751047
661570503
-1802767872
1795188679
0
0
0
0
0
0
-1774901888
2098820352
-970316601
479053767
2071635911
-1392702464
285123271
0
0
0
0
0
0
-1774901888
1998820352
1482880967
-931011641
0
-392702464
169371079
0
0
0
0
0
0
-1774901888
2098820352
972815559
-736698425
100000000
-450932736
-930628921
0
0
0
0
0
0
-1774901888
-1296146944
72815559
-1146763833
100000000
549067264
-872398649
0
0
0
0
0
0
-1774901888
-1196146944
72815559
-1246763833
0
649067264
-872398649
0
0
0
0
0
0
-1774901888
1904507136
1382880967
-1146763833
-1323331385
649067264
-930628921
0
0
0
0
0
0
-1774901888
-1490460160
-1970316601
163301575
1661570503
549067264
169371079
0
0
0
0
0
0
-1774901888
-1390460160
-460251193
-31011641
561570503
-350932736
285123271
0
0
0
0
0
0
-1774901888
-1080394752
345435591
1479053767
855883719
-292702464
1795188679
0
0
0
0
0
0
-1774901888
-1080394752
173198279
1306816455
345818311
-1392702464
-142936633
0
0
0
0
0
0
-1774901888
-980394752
-1711703609
2012503239
0
11111100
1010101
2001392239
-1529393966
11111101
-1224432485
-1223441395
-1233341396
11001000
-1234442496
0
0
0
0
0
11111100
1010101
2001392239
-1529393876
100
10011000
-1223441496
-1233341486
11001110
-1234442496
0
0
0
0
0
11111100
1010101
2001392239
-1529384975
10001
10100000
-1224331385
-1233341496
11011001
-1234442496
0
0
0
0
0
11111100
1010101
2001392239
-1529383975
100000
10100111
-1224332396
-1233341495
11100100
-1234442496
0
0
0
0
0
11111100
1010101
2001392239
-1520494975
110000
10101111
-1224341496
-1233341495
11110000
-1234442496
0
0
0
0
0
11111100
1010101
2001392239
-1520493975
1000001
10111000
-1224431485
-1233341496
11111101
-1234442496
0
0
0
0
0
11111100
1010101
2001392239
-1520484966
1010011
11000001
-1224441386
-1233341496
1010
0
0
0
0
0
0
11111100
1010101
2001392239
-1520483966
1100101
11001011
-1224442495
-1233342385
11000
0
0
0
0
0
0
11111100
1010101
2001392239
-1520394966
1111000
11010110
-1233332485
-1233342386
100111
0
0
0
0
0
0
11111100
1010101
2001392239
-1520393966
10001100
11100010
-1233342395
-1233342396
110111
0
0
0
0
0
0
11111100
1010101
2001392239
-1520384975
10011111
11101110
-1233431496
-1233342495
1000110
0
0
0
0
0
0
11111100
1010101
2001392239
-1520384866
10110001
11111011
-1233441395
-1233431395
1010110
0
0
0
0
0
0
11111100
1010101
2001392239
-1520383875
11000011
110
1000000
-1233431485
1100100
0
0
0
0
0
0
11111100
1010101
2001392239
-1519494976
11010010
10010
110111
-1233432385
1110010
0
0
0
0
0
0
11111100
1010101
2001392228
-1530383866
101010101
2001392239
-1519494965
11100000
11101
101110
-1233432485
1111110
0
0
0
0
0
0
11111100
1010101
2001392239
-1519494866
11101100
100110
100111
-1233432496
10001001
0
0
0
0
0
0
11111100
1010101
2001392239
-1519493975
11110101
101100
100001
-1233441386
10010000
0
0
0
0
0
0
11111100
1010101
2001392239
-1519493966
11111011
110001
11101
-1233441396
10010110
0
0
0
0
0
0
11111100
1010101
2001392239
-1519493965
11111110
110011
11011
-1233441396
10011000
0
0
0
0
0
0
11111100
1010101
2001392239
-1519493876
11111111
110011
11010
-1233441396
10011001
0
0
0
0
0
0
11111100
1010101
2001392239
-1519493875
11111110
110001
11010
-1233441386
10010111
0
0
0
0
0
0
11111100
1010101
2001392239
-1519493875
11111011
101110
11100
-1233441385
10010100
0
0
0
0
0
0
11111100
1010101
2001392239
-1519493866
11111000
101010
11101
-1233432486
10010001
0
0
0
0
0
0
11111100
1010101
2001392239
-1519493875
11110011
100110
100000
-1233432485
10001100
0
0
0
0
0
0
11111100
1010101
2001392239
-1519493875
11101110
100001
100010
-1233432386
10000111
0
0
0
0
0
0
11111100
1010101
2001392239
-1519493875
11101001
11100
100101
-1233431496
10000010
0
0
0
0
0
0
11111100
1010101
2001392239
-1519493965
11100100
11001
101000
-1233431495
1111110
0
0
0
0
0
0
11111100
1010101
2001392239
-1519493965
11100001
10110
101010
-1233431486
1111011
0
0
0
0
0
0
11111100
1010101
2001392239
-1519493975
11011111
10110
101100
-1233431495
1111010
0
0
0
0
0
0
11111100
1010101
2001392239
-1519493976
11011111
10111
101100
-1233431496
1111011
0
0
0
0
0
0
11111100
1010101
2001392239
-1519494865
11100001
11010
101100
-1233432386
1111101
0
0
0
0
0
0
11111100
1010101
2001392239
-1519494866
11100011
11101
101011
-1233432396
10000000
0
0
0
0
0
0
11111100
1010101
2001392239
-1519494965
11100101
100010
101100
-1233432496
10000011
0
0
0
0
0
0
11111100
1010101
2001392239
-1519494966
11101000
100110
101011
-1233441386
10000111
0
0
0
0
0
0
11111100
1010101
2001392239
-1519494976
11101011
101011
101010
-1233441486
10001011
0
0
0
0
0
0
11111100
1010101
2001392239
-1520383865
11101110
101111
101001
-1233441496
10001110
0
0
0
0
0
0
11111100
1010101
2001392239
-1520383866
11110000
110010
101001
-1233442386
10010001
0
0
0
0
0
0
11111100
1010101
2001392239
-1520383875
11110000
110011
101001
-1233442395
10010001
0
0
0
0
0
0
11111100
1010101
2001392239
-1520383876
11101111
110011
101010
-1233442396
10010001
0
0
0
0
0
0
11111100
1010101
2001392239
-1520383876
11101101
110001
101011
-1233442395
10001111
0
0
0
0
0
0
11111100
1010101
2001392239
-1520383965
11101001
101110
101110
-1233442386
10001011
0
0
0
0
0
0
11111100
1010101
2001392239
-1520383966
11100100
101010
110001
-1233441496
10000111
0
0
0
0
0
0
11111100
1010101
2001392239
-1520383975
11011111
100110
110100
-1233441495
10000010
0
0
0
0
0
0
11111100
1010101
2001392239
-1520383975
11011010
100001
110110
-1233441396
1111101
0
0
0
0
0
0
11111100
1010101
2001392239
-1520383975
11010101
11100
111001
-1233441386
1111000
0
0
0
0
0
0
11111100
1010101
2001392239
-1520383966
11010001
10111
111010
-1233432495
1110100
0
0
0
0
0
0
11111100
1010101
2001392239
-1520383975
11001101
10100
111101
-1233432486
1110000
0
0
0
0
0
0
11111100
1010101
2001392239
-1520383975
11001011
10010
111110
-1233432485
1101110
0
0
0
0
0
0
11111100
1010101
2001392239
-1520383966
11001011
10001
111101
-1233432396
1101110
0
0
0
0
0
0
11111100
1010101
2001392239
-1520383975
11001100
10011
111101
-1233432485
1101111
0
0
0
0
0
0
11111100
1010101
2001392239
-1520383975
11001111
10110
111100
-1233432495
1110010
0
0
0
0
0
0
11111100
1010101
2001392239
-1520383976
11010010
11010
111011
-1233441385
1110110
0
0
0
0
0
0
11111100
1010101
2001392239
-1520384866
11010110
100000
111010
-1233441485
1111011
0
0
0
0
0
0
11111100
1010101
2001392239
-1520384875
11011010
100101
111000
-1233441496
1111111
0
0
0
0
0
0
11111100
1010101
2001392239
-1520384966
11011101
101011
111000
-1233442485
10000100
0
0
0
0
0
0
11111100
1010101
2001392239
-1520393865
11011111
110000
111001
-1234331385
